denovo	std	CDI_logabun	H_logabun	nonCDI_logabun	delta_logabun	snr	abs_snr	CDI_presence	H_presence	nonCDI_presence	delta_presence	abs_delta_presence	rank_snr	rank_delta_presence
g__Ruminococcus	0.771444008	-4.44701652484	-3.36591489074	-4.34636797991	-1.0811016341	-1.40140000166	1.40140000166	0.0430107526882	0.766233766234	0.123595505618	-0.723223013546	0.723223013546	1	0
g__Enterococcus	1.58197429871	-2.2725417952	-4.26791035255	-2.23376432288	1.99536855735	1.26131540758	1.26131540758	0.784946236559	0.168831168831	0.719101123596	0.616115067728	0.616115067728	4	1
g__Faecalibacterium	1.43546392412	-3.72499769269	-1.71773552074	-3.5164417813	-2.00726217195	-1.39833689877	1.39833689877	0.333333333333	0.935064935065	0.438202247191	-0.601731601732	0.601731601732	2	2
g__Lachnospiracea_incertae_sedis	1.35100814125	-3.79767924233	-1.78058781803	-3.68664588664	-2.0170914243	-1.49302684619	1.49302684619	0.387096774194	0.961038961039	0.359550561798	-0.573942186845	0.573942186845	0	3
g__Clostridium_IV	1.00167606861	-3.84693890201	-2.58344445949	-3.69765415175	-1.26349444253	-1.26138028263	1.26138028263	0.387096774194	0.961038961039	0.460674157303	-0.573942186845	0.573942186845	3	4
g__Roseburia	1.15194412806	-3.81941813125	-2.45376819862	-3.92222695295	-1.36564993263	-1.1855175085	1.1855175085	0.354838709677	0.922077922078	0.314606741573	-0.567239212401	0.567239212401	5	5
g__Dorea	1.04880431987	-3.84462375643	-2.73791603862	-3.95485562243	-1.10670771781	-1.05520896209	1.05520896209	0.344086021505	0.909090909091	0.303370786517	-0.565004887586	0.565004887586	9	6
g__Anaerovorax	0.702417386407	-4.34177373558	-3.66609294782	-4.14179098153	-0.675680787757	-0.961936308571	0.961936308571	0.10752688172	0.655844155844	0.213483146067	-0.548317274124	0.548317274124	13	7
g__Oscillibacter	1.05202715075	-3.72658353786	-2.48783600415	-3.48140856112	-1.23874753371	-1.17748627763	1.17748627763	0.408602150538	0.954545454545	0.52808988764	-0.545943304008	0.545943304008	6	8
g__Gemmiger	1.06073079876	-4.04211741943	-3.06215097103	-4.03249533138	-0.979966448397	-0.923859710253	0.923859710253	0.204301075269	0.74025974026	0.23595505618	-0.535958664991	0.535958664991	14	9
g__Odoribacter	1.22188500589	-4.04210847119	-2.75688356304	-3.92687250491	-1.28522490815	-1.05183785868	1.05183785868	0.215053763441	0.714285714286	0.280898876404	-0.499231950845	0.499231950845	10	10
g__Ethanoligenens	0.685946409721	-4.35755859807	-3.67367161529	-4.37610500423	-0.683886982775	-0.996997685364	0.996997685364	0.10752688172	0.590909090909	0.112359550562	-0.483382209189	0.483382209189	12	11
g__Butyricicoccus	0.852483869493	-3.81263961956	-3.21409345959	-3.8246838488	-0.598546159975	-0.70212021763	0.70212021763	0.397849462366	0.876623376623	0.415730337079	-0.478773914258	0.478773914258	22	12
g__Clostridium_XlVb	0.903338231386	-3.8617654092	-3.33304063199	-3.73078892918	-0.528724777215	-0.585301007801	0.585301007801	0.322580645161	0.792207792208	0.415730337079	-0.469627147047	0.469627147047	32	13
g__Lactobacillus	1.20995711544	-2.86369234223	-4.15250480493	-3.19806591874	1.28881246271	1.06517201829	1.06517201829	0.698924731183	0.24025974026	0.629213483146	0.458664990923	0.458664990923	8	14
g__Anaerostipes	1.01930356319	-3.57016195256	-2.5178904072	-3.6626438128	-1.05227154536	-1.03234363478	1.03234363478	0.505376344086	0.954545454545	0.483146067416	-0.449169110459	0.449169110459	11	15
g__Parasutterella	1.10872082756	-4.15401006044	-3.18615671043	-4.02117662409	-0.967853350008	-0.872945944505	0.872945944505	0.182795698925	0.616883116883	0.224719101124	-0.434087417958	0.434087417958	17	16
g__Flavonifractor	0.71422350871	-4.06135323177	-3.57597165321	-4.10804218422	-0.485381578562	-0.679593394285	0.679593394285	0.301075268817	0.727272727273	0.269662921348	-0.426197458456	0.426197458456	24	17
g__Coprococcus	1.08487943481	-3.55096419575	-2.58560400678	-3.85203027175	-0.965360188966	-0.889831771156	0.889831771156	0.494623655914	0.909090909091	0.359550561798	-0.414467253177	0.414467253177	15	18
g__Alistipes	1.43181265256	-3.21832082625	-1.68682680782	-2.80029892072	-1.53149401843	-1.06961900057	1.06961900057	0.516129032258	0.909090909091	0.651685393258	-0.392961876833	0.392961876833	7	19
g__Barnesiella	1.33640625419	-4.12652375598	-2.9393451203	-3.87094601177	-1.18717863568	-0.888336635628	0.888336635628	0.182795698925	0.558441558442	0.303370786517	-0.375645859517	0.375645859517	16	20
g__Ruminococcus2	1.10593769818	-2.79289443075	-2.17438421294	-2.85956538278	-0.618510217813	-0.559263165393	0.559263165393	0.677419354839	0.980519480519	0.651685393258	-0.303100125681	0.303100125681	35	21
g__Butyricimonas	1.04911511239	-4.16729362717	-3.4535327382	-4.05664889734	-0.71376088897	-0.680345636564	0.680345636564	0.182795698925	0.474025974026	0.213483146067	-0.291230275101	0.291230275101	23	22
g__Turicibacter	0.705611279617	-4.20367544383	-3.82263054511	-4.34920186016	-0.381044898726	-0.54002098568	0.54002098568	0.204301075269	0.493506493506	0.0898876404494	-0.289205418238	0.289205418238	38	23
g__Fusobacterium	0.752997628781	-3.82464962612	-4.44685405838	-4.19639859495	0.622204432261	0.826303308907	0.826303308907	0.311827956989	0.0454545454545	0.179775280899	0.266373411535	0.266373411535	19	24
g__Tetragenococcus	0.523051167324	-4.05447432475	-4.44540575062	-4.20234396773	0.390931425864	0.747405703852	0.747405703852	0.311827956989	0.0584415584416	0.224719101124	0.253386398548	0.253386398548	20	25
g__Parabacteroides	1.32826551473	-2.66816361135	-1.8091571191	-2.82912671581	-0.859006492248	-0.646712937077	0.646712937077	0.666666666667	0.909090909091	0.651685393258	-0.242424242424	0.242424242424	29	26
g__Coprobacillus	0.702079506495	-4.16913365109	-3.91859555361	-4.26407986385	-0.250538097474	-0.356851460777	0.356851460777	0.204301075269	0.441558441558	0.14606741573	-0.23725736629	0.23725736629	60	27
g__Raoultella	0.971612697634	-3.72127193017	-4.37438873753	-4.03646630512	0.653116807359	0.672198715548	0.672198715548	0.290322580645	0.0649350649351	0.23595505618	0.22538751571	0.22538751571	26	28
g__Yersinia	0.696876442991	-3.93754767303	-4.40869561569	-4.07472655406	0.471147942665	0.676085333927	0.676085333927	0.301075268817	0.0844155844156	0.280898876404	0.216659684402	0.216659684402	25	29
g__Actinomyces	0.428065522762	-4.19270728243	-4.46195309537	-4.2466428807	0.269245812935	0.628982710867	0.628982710867	0.247311827957	0.0324675324675	0.213483146067	0.214844295489	0.214844295489	30	30
g__Clostridium_XlVa	0.951080463603	-2.84267004101	-2.21033545559	-3.12374616671	-0.632334585421	-0.664859188702	0.664859188702	0.795698924731	1.0	0.629213483146	-0.204301075269	0.204301075269	27	31
g__Carnobacterium	0.446105137687	-4.24321986867	-4.49557208711	-4.15661620927	0.252352218441	0.565678798834	0.565678798834	0.204301075269	0.0	0.23595505618	0.204301075269	0.204301075269	34	32
g__Syntrophococcus	0.354205358603	-4.47707721372	-4.26406472233	-4.47026102581	-0.213012491388	-0.601381334908	0.601381334908	0.010752688172	0.214285714286	0.0224719101124	-0.203533026114	0.203533026114	31	33
g__Dialister	1.19666892949	-3.70695598361	-3.3394314086	-3.87440290682	-0.367524575013	-0.307123019538	0.307123019538	0.322580645161	0.525974025974	0.337078651685	-0.203393380813	0.203393380813	67	34
g__Prevotella	1.17639821345	-4.07320021178	-3.52188115344	-4.03193378036	-0.551319058346	-0.468650030272	0.468650030272	0.215053763441	0.415584415584	0.224719101124	-0.200530652144	0.200530652144	45	35
g__Serratia	0.433457096167	-4.17629571754	-4.4125676775	-4.2364904403	0.236271959968	0.545087304044	0.545087304044	0.279569892473	0.0844155844156	0.224719101124	0.195154308058	0.195154308058	37	36
g__Sporobacter	0.404380288575	-4.42695506457	-4.27040183409	-4.34228675974	-0.156553230484	-0.387143574768	0.387143574768	0.0430107526882	0.233766233766	0.123595505618	-0.190755481078	0.190755481078	55	37
g__Clostridium_XVIII	1.05587984355	-2.89097093667	-2.83511572296	-3.23728394477	-0.0558552137051	-0.052899213908	0.052899213908	0.698924731183	0.88961038961	0.573033707865	-0.190685658428	0.190685658428	107	38
g__Blautia	1.06242977168	-2.13050585682	-1.98452125867	-2.5492984201	-0.145984598155	-0.137406351032	0.137406351032	0.817204301075	1.0	0.730337078652	-0.182795698925	0.182795698925	92	39
g__Sutterella	0.828717013419	-4.24996363669	-3.80745759721	-4.34698343705	-0.442506039473	-0.533965192349	0.533965192349	0.172043010753	0.350649350649	0.0898876404494	-0.178606339897	0.178606339897	39	40
g__Eggerthella	0.368133979503	-4.30939698188	-4.49557208711	-4.26801448144	0.186175105229	0.505726489797	0.505726489797	0.172043010753	0.0	0.179775280899	0.172043010753	0.172043010753	41	41
g__Oxalobacter	0.410482967675	-4.49557208711	-4.26745126928	-4.43311127877	-0.228120817822	-0.555737596407	0.555737596407	0.0	0.162337662338	0.0449438202247	-0.162337662338	0.162337662338	36	42
g__Anaerofilum	0.373902762317	-4.42814025291	-4.26685177595	-4.43929989362	-0.161288476967	-0.431364764378	0.431364764378	0.0537634408602	0.214285714286	0.0561797752809	-0.160522273425	0.160522273425	49	43
g__Pseudomonas	0.520126356305	-4.39451282079	-4.26519373455	-4.37494783489	-0.129319086236	-0.248630135098	0.248630135098	0.0430107526882	0.201298701299	0.0561797752809	-0.158287948611	0.158287948611	76	44
g__Erysipelotrichaceae_incertae_sedis	1.0122417603	-2.75167383845	-3.03967591632	-2.97577791051	0.288002077872	0.284519063693	0.284519063693	0.741935483871	0.883116883117	0.719101123596	-0.141181399246	0.141181399246	71	45
g__Proteus	0.529825192956	-4.20613350187	-4.47580496974	-4.39909223922	0.269671467869	0.508981965097	0.508981965097	0.150537634409	0.012987012987	0.0337078651685	0.137550621422	0.137550621422	40	46
g__Bilophila	0.71425358251	-4.17747764464	-4.09520478764	-4.02448565035	-0.082272857	-0.115187181436	0.115187181436	0.182795698925	0.318181818182	0.258426966292	-0.135386119257	0.135386119257	95	47
g__Eubacterium	0.429542758186	-4.39692068047	-4.24649876392	-4.4110388555	-0.150421916557	-0.35019078704	0.35019078704	0.0860215053763	0.220779220779	0.0561797752809	-0.134757715403	0.134757715403	61	48
g__Buttiauxella	0.265048132961	-4.33260576529	-4.48620797832	-4.45298842125	0.153602213037	0.579525731122	0.579525731122	0.139784946237	0.00649350649351	0.0449438202247	0.133291439743	0.133291439743	33	49
g__Gemella	0.381190784627	-4.29563833542	-4.47462025282	-4.31188227088	0.178981917405	0.469533694474	0.469533694474	0.150537634409	0.025974025974	0.134831460674	0.124563608435	0.124563608435	44	50
g__Xylanibacter	0.321129929802	-4.49557208711	-4.3388008331	-4.48355560281	-0.156771254008	-0.488186367758	0.488186367758	0.0	0.116883116883	0.0112359550562	-0.116883116883	0.116883116883	42	51
g__Arthrobacter	0.310507702519	-4.34480229642	-4.47491402158	-4.34773245467	0.130111725165	0.419028977733	0.419028977733	0.139784946237	0.025974025974	0.134831460674	0.113810920263	0.113810920263	51	52
g__Veillonella	1.16212490714	-3.04035068217	-3.893105695	-3.30557841518	0.85275501283	0.733789464104	0.733789464104	0.58064516129	0.467532467532	0.561797752809	0.113112693758	0.113112693758	21	53
g__Akkermansia	1.19117215435	-3.60000292327	-3.64532192657	-3.64716437266	0.0453190032937	0.0380457208711	0.0380457208711	0.354838709677	0.467532467532	0.370786516854	-0.112693757855	0.112693757855	111	54
g__Parvimonas	0.325829893836	-4.33136842862	-4.48995008016	-4.40921358819	0.158581651541	0.486700743366	0.486700743366	0.118279569892	0.00649350649351	0.0674157303371	0.111786063399	0.111786063399	43	55
g__Methanobrevibacter	0.429116923077	-4.45821688122	-4.28456289248	-4.43699267853	-0.173653988737	-0.404677558489	0.404677558489	0.0322580645161	0.142857142857	0.0337078651685	-0.110599078341	0.110599078341	54	56
g__Kluyvera	0.563312162638	-4.23707733278	-4.47036129999	-4.25069395604	0.23328396721	0.414129114694	0.414129114694	0.129032258065	0.0194805194805	0.14606741573	0.109551738584	0.109551738584	52	57
g__Streptococcus	1.03413546686	-2.61920371816	-3.30487207387	-2.62171296893	0.685668355714	0.663035335006	0.663035335006	0.881720430108	0.779220779221	0.820224719101	0.102499650887	0.102499650887	28	58
g__Dysgonomonas	0.466308962519	-4.27189017317	-4.47364809235	-4.44688587347	0.201757919181	0.432670043678	0.432670043678	0.10752688172	0.00649350649351	0.0224719101124	0.101033375227	0.101033375227	48	59
g__Citrobacter	0.327050791368	-4.32184423092	-4.44181850161	-4.35486530265	0.119974270684	0.366836815109	0.366836815109	0.161290322581	0.0649350649351	0.123595505618	0.0963552576456	0.0963552576456	57	60
g__Staphylococcus	0.437379712931	-4.32429711346	-4.4715889319	-4.25741429659	0.147291818439	0.33675960289	0.33675960289	0.10752688172	0.012987012987	0.168539325843	0.0945398687334	0.0945398687334	62	61
g__Desulfovibrio	0.399931649211	-4.42886147286	-4.33458841433	-4.39552282776	-0.0942730585262	-0.235722925936	0.235722925936	0.0430107526882	0.136363636364	0.0561797752809	-0.0933528836755	0.0933528836755	79	62
g__Bacteroides	1.2138163152	-1.49580782582	-0.450468378598	-1.71553228374	-1.04533944722	-0.861200689207	0.861200689207	0.913978494624	1.0	0.887640449438	-0.0860215053763	0.0860215053763	18	63
g__Clostridium_III	0.29940587975	-4.46319706034	-4.35567495009	-4.47482575879	-0.107522110252	-0.35911823222	0.35911823222	0.0322580645161	0.116883116883	0.0224719101124	-0.084625052367	0.084625052367	59	64
g__Bordetella	0.211806860128	-4.49557208711	-4.40562040213	-4.49557208711	-0.0899516849765	-0.424687306738	0.424687306738	0.0	0.0844155844156	0.0	-0.0844155844156	0.0844155844156	50	65
g__Phascolarctobacterium	0.202891306119	-4.47655242062	-4.41333021355	-4.49557208711	-0.0632222070694	-0.31160628949	0.31160628949	0.0215053763441	0.0909090909091	0.0	-0.069403714565	0.069403714565	66	66
g__Robinsoniella	0.287890591835	-4.37053306539	-4.48755641976	-4.46824576261	0.11702335437	0.406485511124	0.406485511124	0.0752688172043	0.00649350649351	0.0112359550562	0.0687753107108	0.0687753107108	53	67
g__Cloacibacillus	0.309893441512	-4.48247111035	-4.41279022573	-4.38556744807	-0.06968088462	-0.22485433793	0.22485433793	0.010752688172	0.0779220779221	0.0674157303371	-0.06716938975	0.06716938975	81	68
g__Asteroleplasma	0.362407624436	-4.46680317442	-4.36374981906	-4.49557208711	-0.103053355367	-0.284357580852	0.284357580852	0.010752688172	0.0779220779221	0.0	-0.06716938975	0.06716938975	72	69
g__Aggregatibacter	0.150667253057	-4.42577228715	-4.49557208711	-4.48802269534	0.0697997999592	0.46327120554	0.46327120554	0.0645161290323	0.0	0.0112359550562	0.0645161290323	0.0645161290323	46	70
g__Mogibacterium	0.234895689086	-4.39919807638	-4.484956915	-4.45684246718	0.0857588386138	0.365093284374	0.365093284374	0.0752688172043	0.012987012987	0.0337078651685	0.0622818042173	0.0622818042173	58	71
g__Atopobium	0.26276582743	-4.40678498174	-4.48543075318	-4.38431552892	0.0786457714392	0.299299845069	0.299299845069	0.0752688172043	0.012987012987	0.101123595506	0.0622818042173	0.0622818042173	68	72
g__Acinetobacter	0.273761373927	-4.48288901871	-4.39433620782	-4.49557208711	-0.0885528108903	-0.323467148123	0.323467148123	0.010752688172	0.0714285714286	0.0	-0.0606758832565	0.0606758832565	64	73
g__Howardella	0.345405183797	-4.44065288705	-4.38030659648	-4.43716745633	-0.0603462905694	-0.174711594962	0.174711594962	0.0322580645161	0.0909090909091	0.0337078651685	-0.058651026393	0.058651026393	87	74
g__Bifidobacterium	0.940159004383	-3.81581653776	-3.92165984208	-3.82939810736	0.10584330432	0.112580216566	0.112580216566	0.408602150538	0.350649350649	0.359550561798	0.0579527998883	0.0579527998883	96	75
g__Pseudoflavonifractor	0.232153682521	-4.47036350561	-4.43014609588	-4.44311043269	-0.0402174097312	-0.173236148117	0.173236148117	0.0215053763441	0.0779220779221	0.0337078651685	-0.056416701578	0.056416701578	88	76
g__Haemophilus	0.658166380849	-4.2064624078	-4.23454115255	-4.18702239439	0.028078744758	0.0426620769079	0.0426620769079	0.172043010753	0.227272727273	0.14606741573	-0.05522971652	0.05522971652	109	77
g__Pantoea	0.172184714943	-4.43129695715	-4.49557208711	-4.46398753336	0.0642751299579	0.373291729054	0.373291729054	0.0537634408602	0.0	0.0337078651685	0.0537634408602	0.0537634408602	56	78
g__Sediminibacterium	0.147847175741	-4.49557208711	-4.4464885149	-4.49557208711	-0.0490835722089	-0.33198856835	0.33198856835	0.0	0.0519480519481	0.0	-0.0519480519481	0.0519480519481	63	79
g__Clostridium_sensu_stricto	1.13551693314	-3.16669421599	-3.41790585467	-3.79317433237	0.251211638683	0.221231081063	0.221231081063	0.634408602151	0.584415584416	0.314606741573	0.049993017735	0.049993017735	82	80
g__Clostridium_XI	1.0672031979	-2.57072738664	-3.05136252785	-3.85110193737	0.480635141211	0.450368910211	0.450368910211	0.860215053763	0.811688311688	0.348314606742	0.0485267420751	0.0485267420751	47	81
g__Hespellia	0.237931249795	-4.44465674296	-4.41833094528	-4.46514467506	-0.0263257976828	-0.110644556801	0.110644556801	0.0430107526882	0.0909090909091	0.0224719101124	-0.0478983382209	0.0478983382209	97	82
g__Hydrogenoanaerobacterium	0.15826003723	-4.49557208711	-4.45079968459	-4.48196344393	-0.0447724025143	-0.282904031226	0.282904031226	0.0	0.0454545454545	0.0112359550562	-0.0454545454545	0.0454545454545	73	83
g__Acholeplasma	0.23573418649	-4.49557208711	-4.42678090973	-4.49557208711	-0.0687911773809	-0.291816721219	0.291816721219	0.0	0.0454545454545	0.0	-0.0454545454545	0.0454545454545	69	84
g__Catenibacterium	0.408288022105	-4.45488910798	-4.36890477729	-4.46402677565	-0.0859843306896	-0.210597240267	0.210597240267	0.0215053763441	0.0649350649351	0.0112359550562	-0.043429688591	0.043429688591	85	85
g__Pediococcus	0.332840338203	-4.39848942311	-4.49557208711	-4.43788766824	0.0970826639938	0.291679381526	0.291679381526	0.0430107526882	0.0	0.0224719101124	0.0430107526882	0.0430107526882	70	86
g__Peptostreptococcus	0.170877209978	-4.44173707739	-4.49557208711	-4.47638996463	0.0538350097204	0.315050846906	0.315050846906	0.0430107526882	0.0	0.0112359550562	0.0430107526882	0.0430107526882	65	87
g__Campylobacter	0.353692564868	-4.33656481815	-4.43430335535	-4.43657915248	0.0977385372004	0.27633755105	0.27633755105	0.10752688172	0.0649350649351	0.0337078651685	0.0425918167854	0.0425918167854	74	88
g__Anaerococcus	0.392081465926	-4.32441397732	-4.42805988149	-4.3961586127	0.103645904162	0.264347879637	0.264347879637	0.10752688172	0.0649350649351	0.0674157303371	0.0425918167854	0.0425918167854	75	89
g__Streptophyta	0.238693376133	-4.49557208711	-4.44942600906	-4.43703472781	-0.0461460780463	-0.193327853474	0.193327853474	0.0	0.038961038961	0.0337078651685	-0.038961038961	0.038961038961	86	90
g__Anaerofustis	0.259971931541	-4.4177525358	-4.47500512915	-4.37521175182	0.0572525933497	0.220226056753	0.220226056753	0.0645161290323	0.025974025974	0.112359550562	0.0385421030582	0.0385421030582	83	91
g__Sarcina	0.48552960101	-4.26030160573	-4.26216023894	-4.4306052983	0.0018586332183	0.00382805335542	0.00382805335542	0.161290322581	0.194805194805	0.0449438202247	-0.0335148722245	0.0335148722245	119	92
g__Roseateles	0.248323360541	-4.42896543145	-4.46661615368	-4.36159002452	0.0376507222342	0.151619735461	0.151619735461	0.0645161290323	0.0324675324675	0.14606741573	0.0320485965647	0.0320485965647	91	93
g__Propionibacterium	0.278683092705	-4.42192800937	-4.45779007139	-4.40042252127	0.0358620620195	0.128684024823	0.128684024823	0.0645161290323	0.0324675324675	0.0786516853933	0.0320485965647	0.0320485965647	93	94
g__Acidaminococcus	0.434882247324	-4.39736215707	-4.35522516703	-4.38074612097	-0.0421369900369	-0.0968928722571	0.0968928722571	0.0645161290323	0.0909090909091	0.0674157303371	-0.0263929618768	0.0263929618768	99	95
g__Mitsuokella	0.156392123111	-4.49557208711	-4.45850296506	-4.49557208711	-0.0370691220428	-0.237026784376	0.237026784376	0.0	0.025974025974	0.0	-0.025974025974	0.025974025974	78	96
g__Saccharofermentans	0.149777591599	-4.49557208711	-4.46273742041	-4.48653889365	-0.0328346666951	-0.21922282462	0.21922282462	0.0	0.025974025974	0.0112359550562	-0.025974025974	0.025974025974	84	97
g__Anaeroplasma	0.277112109201	-4.49557208711	-4.43190365486	-4.49557208711	-0.0636684322489	-0.229756947225	0.229756947225	0.0	0.025974025974	0.0	-0.025974025974	0.025974025974	80	98
g__Dehalobacter	0.17826246512	-4.49557208711	-4.4531794246	-4.49557208711	-0.0423926625075	-0.23781036843	0.23781036843	0.0	0.025974025974	0.0	-0.025974025974	0.025974025974	77	99
g__Phenylobacterium	0.184699775568	-4.46537412175	-4.48755779008	-4.42876600618	0.0221836683254	0.120106633899	0.120106633899	0.0322580645161	0.00649350649351	0.0561797752809	0.0257645580226	0.0257645580226	94	100
g__Succiniclasticum	0.371349147263	-4.42414043588	-4.41710969898	-4.43909838874	-0.00703073689358	-0.0189329555363	0.0189329555363	0.0645161290323	0.038961038961	0.0224719101124	0.0255550900712	0.0255550900712	116	101
g__Porphyromonas	0.328440436901	-4.38548455303	-4.38960200404	-4.47268204719	0.00411745100598	0.0125363705055	0.0125363705055	0.0752688172043	0.0974025974026	0.0224719101124	-0.0221337801983	0.0221337801983	118	102
g__Megasphaera	0.48641568218	-4.39330801149	-4.37852443996	-4.39585281296	-0.0147835715344	-0.0303928760442	0.0303928760442	0.0430107526882	0.0649350649351	0.0337078651685	-0.0219243122469	0.0219243122469	113	103
g__Xenorhabdus	0.168919744451	-4.46776880383	-4.49557208711	-4.44790276723	0.0278032832721	0.164594632573	0.164594632573	0.0215053763441	0.0	0.0337078651685	0.0215053763441	0.0215053763441	89	104
g__Lactonifactor	0.304150611248	-4.41632811567	-4.43649635182	-4.41316977307	0.0201682361536	0.0663100299907	0.0663100299907	0.0645161290323	0.0454545454545	0.0674157303371	0.0190615835777	0.0190615835777	104	105
g__Paraprevotella	0.704738533457	-4.23757795338	-4.20766086656	-4.32324860826	-0.0299170868214	-0.0424513282601	0.0424513282601	0.139784946237	0.123376623377	0.101123595506	0.0164083228599	0.0164083228599	110	106
g__Megamonas	0.208578640553	-4.47394454885	-4.45720150678	-4.48551771193	-0.0167430420726	-0.0802720836043	0.0802720836043	0.010752688172	0.025974025974	0.0112359550562	-0.015221337802	0.015221337802	102	107
g__Leuconostoc	0.222111314049	-4.47625296914	-4.48596168726	-4.42574007303	0.00970871811057	0.0437110471034	0.0437110471034	0.0215053763441	0.00649350649351	0.0337078651685	0.0150118698506	0.0150118698506	108	108
g__Finegoldia	0.389455060824	-4.36120177453	-4.42368839987	-4.38025847244	0.0624866253379	0.160446304654	0.160446304654	0.0860215053763	0.0714285714286	0.0786516853933	0.0145929339478	0.0145929339478	90	109
g__Corynebacterium	0.230382847077	-4.46438264819	-4.45864349557	-4.45071004931	-0.00573915262594	-0.0249113712186	0.0249113712186	0.0215053763441	0.0324675324675	0.0337078651685	-0.0109621561234	0.0109621561234	115	110
g__Weissella	0.270741903213	-4.44653163329	-4.45035272518	-4.49557208711	0.00382109188275	0.014113411472	0.014113411472	0.0215053763441	0.0324675324675	0.0	-0.0109621561234	0.0109621561234	117	111
g__Pyramidobacter	0.143420131515	-4.48484228999	-4.49557208711	-4.44860250892	0.0107297971154	0.0748137447791	0.0748137447791	0.010752688172	0.0	0.0337078651685	0.010752688172	0.010752688172	103	112
g__Dickeya	0.144979760417	-4.48318122413	-4.49557208711	-4.44999942637	0.0123908629716	0.0854661570413	0.0854661570413	0.010752688172	0.0	0.0337078651685	0.010752688172	0.010752688172	101	113
g__Victivallis	0.14230047471	-4.48377512482	-4.4712226062	-4.48688844894	-0.0125525186212	-0.0882113615345	0.0882113615345	0.010752688172	0.0194805194805	0.0112359550562	-0.00872783130848	0.00872783130848	100	114
g__Pandoraea	0.294851657237	-4.41041217751	-4.41890780152	-4.37052641449	0.00849562401099	0.0288132143825	0.0288132143825	0.0860215053763	0.0779220779221	0.123595505618	0.00809942745427	0.00809942745427	114	115
g__Peptoniphilus	0.389757479391	-4.38748461134	-4.42916456752	-4.40599525675	0.041679956179	0.106938181774	0.106938181774	0.0645161290323	0.0584415584416	0.0337078651685	0.0060745705907	0.0060745705907	98	116
g__Paraeggerthella	0.188787584281	-4.47811900712	-4.48930030694	-4.45052396722	0.0111812998215	0.0592268811748	0.0592268811748	0.010752688172	0.00649350649351	0.0224719101124	0.00425918167854	0.00425918167854	105	117
g__Dietzia	0.160154014017	-4.47553052683	-4.48475147738	-4.473628013	0.0092209505452	0.0575755194261	0.0575755194261	0.010752688172	0.012987012987	0.0112359550562	-0.00223432481497	0.00223432481497	106	118
g__Lactococcus	0.551255389876	-4.33113068497	-4.35173373	-4.07812585967	0.0206030450289	0.0373747729407	0.0373747729407	0.129032258065	0.12987012987	0.258426966292	-0.000837871805614	0.000837871805614	112	119
