denovo	std	H_logabun	OB_logabun	OW_logabun	delta_logabun	snr	abs_snr	H_presence	OB_presence	OW_presence	delta_presence	abs_delta_presence	rank_snr	rank_delta_presence
g__Anaerofilum	0.651263059299	-4.56052839988	-4.74302346476	-4.55441984779	-0.182495064875	-0.280217129268	0.280217129268	0.591121495327	0.432432432432	0.58934169279	-0.158689062895	0.158689062895	7	0
g__Streptococcus	1.00693518705	-4.20251312018	-3.89423258317	-4.12838029897	0.308280537006	0.306157279008	0.306157279008	0.623831775701	0.756756756757	0.667711598746	0.132924981056	0.132924981056	2	1
g__Mogibacterium	0.920616177731	-4.34012215567	-4.58179143109	-4.33499015003	-0.241669275422	-0.262508177966	0.262508177966	0.581775700935	0.459459459459	0.608150470219	-0.122316241475	0.122316241475	11	2
g__Lachnobacterium	0.669839009826	-4.70328901841	-4.86374816666	-4.77854268352	-0.160459148253	-0.239548825762	0.239548825762	0.460280373832	0.345945945946	0.388714733542	-0.114334427886	0.114334427886	15	3
g__Anaerovorax	0.821103794186	-4.42561363093	-4.63346149913	-4.45852864728	-0.207847868201	-0.253132271063	0.253132271063	0.553738317757	0.443243243243	0.542319749216	-0.110495074514	0.110495074514	13	4
g__Sporobacter	1.04294122796	-2.80257802105	-3.22044237025	-2.8777652312	-0.417864349205	-0.400659536706	0.400659536706	0.932242990654	0.827027027027	0.909090909091	-0.105215963627	0.105215963627	0	5
g__Robinsoniella	0.353662996026	-5.13396968708	-5.24202922866	-5.1526116963	-0.108059541581	-0.305543816558	0.305543816558	0.135514018692	0.0378378378378	0.12539184953	-0.0976761808538	0.0976761808538	3	6
g__Coprobacillus	0.729815232526	-4.95507172361	-4.84986010677	-4.86774560168	0.105211616846	0.144161990813	0.144161990813	0.198598130841	0.291891891892	0.260188087774	0.0932937610508	0.0932937610508	47	7
g__Pseudoflavonifractor	0.730493017729	-3.92221993054	-4.12935786424	-4.01298144335	-0.207137933692	-0.283559087719	0.283559087719	0.838785046729	0.756756756757	0.82131661442	-0.0820282899722	0.0820282899722	6	8
g__Lactonifactor	0.508038837455	-5.06573241394	-4.94203195896	-4.98102393872	0.123700454983	0.243486217712	0.243486217712	0.203271028037	0.281081081081	0.263322884013	0.0778100530437	0.0778100530437	14	9
g__Anaerosporobacter	0.883324624486	-3.79345273374	-3.95771231842	-3.81861053725	-0.16425958468	-0.185956080162	0.185956080162	0.817757009346	0.740540540541	0.824451410658	-0.0772164688053	0.0772164688053	29	10
g__Butyricimonas	1.05242364454	-3.91118559928	-4.11716512106	-3.97508285079	-0.205979521777	-0.195719207607	0.195719207607	0.682242990654	0.605405405405	0.664576802508	-0.0768375852488	0.0768375852488	26	11
g__Methanobrevibacter	1.38286598936	-3.85724872455	-4.23275472672	-4.00372108083	-0.37550600217	-0.271541859485	0.271541859485	0.572429906542	0.497297297297	0.53605015674	-0.0751326092448	0.0751326092448	9	12
g__Gemella	0.538775939066	-5.02245246956	-4.92997610419	-4.90665978209	0.0924763653733	0.171641602135	0.171641602135	0.235981308411	0.308108108108	0.326018808777	0.0721267996969	0.0721267996969	36	13
g__Holdemania	0.706507677257	-4.61902619946	-4.51246146386	-4.64503972055	0.1065647356	0.150833089336	0.150833089336	0.507009345794	0.578378378378	0.492163009404	0.071369032584	0.071369032584	45	14
g__Gordonibacter	0.691546391458	-4.82445824506	-4.70486342754	-4.75645255183	0.119594817518	0.172938242459	0.172938242459	0.36214953271	0.432432432432	0.401253918495	0.0702828997222	0.0702828997222	34	15
g__Desulfovibrio	1.26440852545	-4.1322229127	-4.35861465545	-4.14505196565	-0.22639174275	-0.179049522518	0.179049522518	0.495327102804	0.427027027027	0.514106583072	-0.0683000757767	0.0683000757767	32	16
g__Defluviitalea	0.660347238908	-4.93912965229	-5.0919968788	-4.98013765815	-0.152867226516	-0.231495215712	0.231495215712	0.203271028037	0.135135135135	0.197492163009	-0.0681358929022	0.0681358929022	17	17
g__Acetivibrio	0.46589203602	-5.09686707236	-5.18438799632	-5.13073432618	-0.0875209239685	-0.187856664639	0.187856664639	0.13785046729	0.0702702702703	0.112852664577	-0.0675801970194	0.0675801970194	28	18
g__Actinomyces	0.60615222732	-4.88043712263	-4.76602265674	-4.87911093947	0.11441446589	0.188755333617	0.188755333617	0.35046728972	0.416216216216	0.344827586207	0.0657489264966	0.0657489264966	27	19
g__Clostridium_III	0.695889743313	-4.83423659363	-4.87400655141	-4.87997333881	-0.0397699577868	-0.0571497973192	0.0571497973192	0.329439252336	0.264864864865	0.294670846395	-0.0645743874716	0.0645743874716	107	20
g__Insolitispirillum	0.950925569828	-4.81255138928	-4.97593177353	-4.71148131719	-0.163380384245	-0.171811958189	0.171811958189	0.228971962617	0.167567567568	0.282131661442	-0.0614043950493	0.0614043950493	35	21
g__Cerasicoccus	0.495473749337	-5.0870103468	-5.216257932	-5.16319707292	-0.129247585202	-0.260856574893	0.260856574893	0.114485981308	0.0540540540541	0.0752351097179	-0.0604319272544	0.0604319272544	12	22
g__Acidaminococcus	0.904665919925	-4.86549069117	-4.69777848181	-4.89531256136	0.167712209357	0.185385793432	0.185385793432	0.210280373832	0.27027027027	0.225705329154	0.0599898964385	0.0599898964385	31	23
g__Desulfomicrobium	0.673637860976	-4.95477707585	-5.05958918861	-4.99358981818	-0.104812112767	-0.155591184579	0.155591184579	0.189252336449	0.12972972973	0.175548589342	-0.0595226067189	0.0595226067189	42	24
g__Rothia	0.380923806097	-5.14481806236	-5.0989561972	-5.14193108828	0.0458618651681	0.120396426881	0.120396426881	0.130841121495	0.189189189189	0.141065830721	0.0583480676939	0.0583480676939	64	25
g__Phascolarctobacterium	1.27845494673	-3.95736119846	-4.04323515561	-3.99771965977	-0.085873957151	-0.0671701082393	0.0671701082393	0.591121495327	0.535135135135	0.554858934169	-0.055986360192	0.055986360192	98	26
g__Veillonella	0.966912610444	-4.0738311341	-4.12576372849	-4.02464342349	-0.0519325943894	-0.0537097084354	0.0537097084354	0.719626168224	0.664864864865	0.711598746082	-0.0547613033594	0.0547613033594	111	27
g__Paraprevotella	1.29038674428	-4.46840417905	-4.66721533004	-4.36839462073	-0.198811150993	-0.15407098056	0.15407098056	0.341121495327	0.286486486486	0.360501567398	-0.0546350088406	0.0546350088406	43	28
g__Corynebacterium	0.37316593419	-5.13877385517	-5.08803915177	-5.10978960388	0.0507347034048	0.135957489032	0.135957489032	0.147196261682	0.2	0.175548589342	0.0528037383178	0.0528037383178	51	29
g__Victivallis	0.910090291577	-4.63389325392	-4.79582795812	-4.719640897	-0.161934704199	-0.177932569656	0.177932569656	0.355140186916	0.302702702703	0.344827586207	-0.0524374842132	0.0524374842132	33	30
g__Peptococcus	0.769448399039	-4.94790359998	-5.04076892038	-5.05280990799	-0.0928653204079	-0.120690770848	0.120690770848	0.165887850467	0.113513513514	0.119122257053	-0.0523743369538	0.0523743369538	62	31
g__Hydrogenoanaerobacterium	0.276689657154	-5.1906320964	-5.23757255169	-5.18009348617	-0.046940455288	-0.169650198605	0.169650198605	0.10046728972	0.0486486486486	0.109717868339	-0.051818641071	0.051818641071	37	32
g__Escherichia/Shigella	1.32515202271	-3.73112697047	-3.58426620909	-3.72243598388	0.146860761383	0.110825595001	0.110825595001	0.696261682243	0.745945945946	0.702194357367	0.049684263703	0.049684263703	68	33
g__Guggenheimella	0.45665393888	-5.15660620636	-5.26374047743	-5.17336758894	-0.107134271073	-0.234607132341	0.234607132341	0.0654205607477	0.0162162162162	0.0532915360502	-0.0492043445314	0.0492043445314	16	34
g__Anaerococcus	0.337885425889	-5.21391557961	-5.13820175042	-5.17698778339	0.0757138291907	0.224081370162	0.224081370162	0.0654205607477	0.113513513514	0.0940438871473	0.0480929527658	0.0480929527658	19	35
g__Butyricicoccus	0.525442308707	-5.02114038957	-5.08654968248	-5.11992059704	-0.0654092929101	-0.124484252269	0.124484252269	0.198598130841	0.151351351351	0.137931034483	-0.0472467794898	0.0472467794898	59	36
g__Lactobacillus	0.909186029938	-4.68566730994	-4.51675305395	-4.6784171286	0.168914255997	0.185786242238	0.185786242238	0.380841121495	0.427027027027	0.382445141066	0.0461859055317	0.0461859055317	30	37
g__Porphyromonas	0.684478049937	-4.90311044927	-4.85636621558	-4.91278227018	0.0467442336902	0.068291793571	0.068291793571	0.268691588785	0.313513513514	0.28526645768	0.0448219247285	0.0448219247285	96	38
g__Olsenella	0.376866774719	-5.1613004224	-5.21012008138	-5.19928347391	-0.0488196589838	-0.12954089418	0.12954089418	0.0911214953271	0.0486486486486	0.0626959247649	-0.0424728466785	0.0424728466785	54	39
g__Hespellia	0.728478151509	-3.60461197432	-3.64726920154	-3.50339595697	-0.0426572272213	-0.0585566322517	0.0585566322517	0.901869158879	0.859459459459	0.931034482759	-0.042409699419	0.042409699419	104	40
g__Lachnoanaerobaculum	0.238127050542	-5.20441483407	-5.25137555374	-5.24022084919	-0.0469607196631	-0.197208673085	0.197208673085	0.0747663551402	0.0324324324324	0.0407523510972	-0.0423339227078	0.0423339227078	25	41
g__Papillibacter	0.263845547456	-5.20796167716	-5.26604598507	-5.25655910948	-0.0580843079071	-0.220145113182	0.220145113182	0.0584112149533	0.0162162162162	0.0219435736677	-0.0421949987371	0.0421949987371	21	42
g__Dialister	1.44956422832	-3.32889240023	-3.23455510158	-3.29804380276	0.0943372986462	0.0650797645271	0.0650797645271	0.75	0.789189189189	0.74921630094	0.0391891891892	0.0391891891892	99	43
g__Enterobacter	0.888836447132	-4.90380764932	-4.81073089071	-4.8372525337	0.0930767586127	0.104717531457	0.104717531457	0.214953271028	0.254054054054	0.260188087774	0.039100783026	0.039100783026	72	44
g__Salmonella	0.624836483881	-5.1186437017	-5.01684917429	-5.08898164108	0.101794527411	0.162913866326	0.162913866326	0.0911214953271	0.12972972973	0.128526645768	0.0386082344026	0.0386082344026	39	45
g__Bifidobacterium	1.03781878608	-2.97556581412	-2.7381038586	-3.01145928922	0.237461955518	0.228808688667	0.228808688667	0.918224299065	0.956756756757	0.8934169279	0.0385324576913	0.0385324576913	18	46
g__Mannheimia	0.465408315973	-5.15693709169	-5.11280515832	-5.13387872759	0.0441319333667	0.0948241186332	0.0948241186332	0.0934579439252	0.12972972973	0.103448275862	0.0362717858045	0.0362717858045	78	47
g__Weissella	0.197147019035	-5.27530676035	-5.23381910331	-5.24967372915	0.0414876570453	0.210440194574	0.210440194574	0.00700934579439	0.0432432432432	0.0188087774295	0.0362338974489	0.0362338974489	22	48
g__Haemophilus	1.04244491848	-4.37468063537	-4.42830703407	-4.42584972586	-0.0536263987024	-0.0514429086389	0.0514429086389	0.528037383178	0.491891891892	0.48275862069	-0.0361454912857	0.0361454912857	115	49
g__Alloscardovia	0.221127580303	-5.25014741513	-5.21569815345	-5.23889892228	0.0344492616801	0.155789077206	0.155789077206	0.0303738317757	0.0648648648649	0.0376175548589	0.0344910330892	0.0344910330892	41	50
g__Akkermansia	1.34373911815	-2.62643925083	-2.89893368518	-2.51396068358	-0.272494434354	-0.202788198002	0.202788198002	0.904205607477	0.87027027027	0.909090909091	-0.0339353372064	0.0339353372064	24	51
g__Sutterella	0.726830862937	-4.94764459339	-4.97912767578	-4.96439854507	-0.0314830823925	-0.0433155552384	0.0433155552384	0.217289719626	0.183783783784	0.206896551724	-0.0335059358424	0.0335059358424	123	52
g__Anaerofustis	0.454093656924	-5.06327751077	-5.01888913389	-5.03283799543	0.044388376881	0.0977515897967	0.0977515897967	0.210280373832	0.243243243243	0.244514106583	0.0329628694115	0.0329628694115	75	53
g__Solobacterium	0.439202101464	-5.07904204649	-5.0261572506	-5.06437134286	0.0528847958941	0.120411072073	0.120411072073	0.200934579439	0.232432432432	0.210031347962	0.0314978529932	0.0314978529932	63	54
g__Eggerthella	0.25171966526	-5.23490070098	-5.20438244183	-5.22361196317	0.030518259143	0.121239074076	0.121239074076	0.0443925233645	0.0756756756757	0.0564263322884	0.0312831523112	0.0312831523112	60	55
g__Turicibacter	1.03224256349	-3.96889484127	-4.02702472215	-3.99622806035	-0.0581298808801	-0.056314167751	0.056314167751	0.700934579439	0.67027027027	0.673981191223	-0.030664309169	0.030664309169	108	56
g__Cloacibacillus	0.56426451689	-5.07669017609	-5.08621522004	-5.07079017226	-0.00952504394726	-0.0168804588312	0.0168804588312	0.142523364486	0.113513513514	0.147335423197	-0.0290098509725	0.0290098509725	142	57
g__Oxalobacter	0.306094083057	-5.20022848909	-5.23927575303	-5.20860473375	-0.0390472639451	-0.127566216097	0.127566216097	0.0607476635514	0.0324324324324	0.0658307210031	-0.028315231119	0.028315231119	55	58
g__Finegoldia	0.134311488429	-5.2681482144	-5.23855006361	-5.27540325448	0.0295981507885	0.220369464554	0.220369464554	0.0163551401869	0.0432432432432	0.00940438871473	0.0268881030563	0.0268881030563	20	59
g__Peptoniphilus	0.440625257479	-5.12591117316	-5.08546332168	-5.11072101226	0.040447851479	0.0917964887225	0.0917964887225	0.135514018692	0.162162162162	0.147335423197	0.0266481434706	0.0266481434706	80	60
g__Pseudomonas	0.455000013983	-5.17136826793	-5.13673080606	-5.1186114918	0.034637461868	0.0761262874802	0.0761262874802	0.0817757009346	0.108108108108	0.109717868339	0.0263324071735	0.0263324071735	90	61
g__Methanomassiliicoccus	0.394186223282	-5.17939774432	-5.22392172087	-5.19544129078	-0.0445239765539	-0.112951630281	0.112951630281	0.0584112149533	0.0324324324324	0.0564263322884	-0.0259787825208	0.0259787825208	67	62
g__Lactococcus	0.611377926932	-4.98530990245	-4.97563927161	-4.92313488519	0.00967063083357	0.0158177624798	0.0158177624798	0.228971962617	0.254054054054	0.275862068966	0.0250820914372	0.0250820914372	143	63
g__Enterorhabdus	0.649802672022	-5.01665378613	-5.04157426063	-5.02074204465	-0.0249204745	-0.0383508341424	0.0383508341424	0.142523364486	0.167567567568	0.153605015674	0.0250442030816	0.0250442030816	127	64
g__Clostridium_XlVb	0.792199921071	-3.41546273401	-3.19398266777	-3.32929856202	0.221480066246	0.279575976158	0.279575976158	0.932242990654	0.956756756757	0.934169278997	0.0245137661026	0.0245137661026	8	65
g__Allisonella	0.609200382048	-5.05149517809	-5.08136197369	-5.09039465884	-0.0298667955969	-0.0490262259792	0.0490262259792	0.13785046729	0.113513513514	0.122257053292	-0.0243369537762	0.0243369537762	119	66
g__Dethiosulfatibacter	0.162897071501	-5.24420635846	-5.26902805294	-5.26008572215	-0.0248216944845	-0.152376554444	0.152376554444	0.0397196261682	0.0162162162162	0.0219435736677	-0.023503409952	0.023503409952	44	67
g__Flavonifractor	0.681075347748	-3.35232778629	-3.32438692761	-3.37084046818	0.0279408586823	0.0410246219816	0.0410246219816	0.957943925234	0.935135135135	0.940438871473	-0.0228087900985	0.0228087900985	124	68
g__Howardella	0.760979241817	-4.93809246355	-4.98585637993	-4.89026069294	-0.0477639163776	-0.0627663854056	0.0627663854056	0.184579439252	0.162162162162	0.200626959248	-0.0224172770902	0.0224172770902	102	69
g__Gracilibacter	0.269569561099	-5.2009523961	-5.22510820855	-5.22434836661	-0.0241558124511	-0.0896088280616	0.0896088280616	0.0817757009346	0.0594594594595	0.0532915360502	-0.0223162414751	0.0223162414751	81	70
g__Natronincola	0.219067620509	-5.22323325213	-5.23845551707	-5.23792854979	-0.0152222649408	-0.0694866037504	0.0694866037504	0.0654205607477	0.0432432432432	0.0470219435737	-0.0221773175044	0.0221773175044	94	71
g__Slackia	0.492939770906	-5.11176238689	-5.07522483748	-5.12237115308	0.0365375494107	0.0741217316339	0.0741217316339	0.123831775701	0.145945945946	0.112852664577	0.022114170245	0.022114170245	91	72
g__Brachyspira	0.288503544723	-5.23189903708	-5.26808268898	-5.2400410454	-0.0361836519018	-0.125418396285	0.125418396285	0.0327102803738	0.0108108108108	0.0156739811912	-0.021899469563	0.021899469563	58	73
g__Campylobacter	0.466068036723	-5.05825845797	-5.03632840597	-5.08867024198	0.0219300519973	0.0470533275604	0.0470533275604	0.200934579439	0.221621621622	0.17868338558	0.0206870421824	0.0206870421824	120	74
g__Barnesiella	1.04346197749	-2.76153221803	-2.6303949081	-2.59323531557	0.131137309924	0.125675216493	0.125675216493	0.904205607477	0.924324324324	0.952978056426	0.0201187168477	0.0201187168477	57	75
g__Parabacteroides	0.913964899575	-2.08791568369	-2.09074230397	-2.16621225179	-0.0028266202787	-0.0030927011311	0.0030927011311	0.969626168224	0.989189189189	0.968652037618	0.0195630209649	0.0195630209649	156	76
g__Pseudobutyrivibrio	0.374441637739	-5.18416402544	-5.17065444557	-5.19550827786	0.0135095798705	0.0360792671244	0.0360792671244	0.0724299065421	0.0918918918919	0.0595611285266	0.0194619853498	0.0194619853498	128	77
g__Parasutterella	0.919346173742	-4.66973451938	-4.62828284446	-4.72731154694	0.0414516749201	0.0450882117139	0.0450882117139	0.364485981308	0.383783783784	0.351097178683	0.0192978024754	0.0192978024754	122	78
g__Pelospora	0.183447655007	-5.23208754955	-5.25124879471	-5.26283978144	-0.0191612451588	-0.104450750041	0.104450750041	0.0514018691589	0.0324324324324	0.0219435736677	-0.0189694367264	0.0189694367264	73	79
g__Streptophyta	0.357978132439	-5.23083789228	-5.17443192109	-5.20026481093	0.0564059711895	0.157568203413	0.157568203413	0.0420560747664	0.0594594594595	0.0658307210031	0.0174033846931	0.0174033846931	40	80
g__Erysipelotrichaceae_incertae_sedis	0.922297350271	-2.92328511416	-3.04477402088	-2.95850170676	-0.121488906716	-0.131724228287	0.131724228287	0.957943925234	0.940540540541	0.962382445141	-0.0174033846931	0.0174033846931	52	81
g__Atopobium	0.382794845911	-5.14201307957	-5.0956277726	-5.11743461741	0.0463853069717	0.121175369698	0.121175369698	0.144859813084	0.162162162162	0.166144200627	0.0173023490781	0.0173023490781	61	82
g__Leuconostoc	0.314281035599	-5.21797230259	-5.19642424821	-5.18119198091	0.0215480543858	0.0685630119067	0.0685630119067	0.0584112149533	0.0756756756757	0.0815047021944	0.0172644607224	0.0172644607224	95	83
g__Saccharofermentans	0.102475719982	-5.2657837864	-5.28250882359	-5.27384975325	-0.0167250371905	-0.163209755377	0.163209755377	0.0163551401869	0.0	0.00940438871473	-0.0163551401869	0.0163551401869	38	84
g__Oribacterium	0.279766919537	-5.19847291333	-5.18374560077	-5.20118497505	0.0147273125555	0.0526413651043	0.0526413651043	0.0864485981308	0.102702702703	0.0877742946708	0.0162541045719	0.0162541045719	113	85
g__Gemmiger	0.900435145621	-2.25448550912	-2.25898740677	-2.17415712449	-0.00450189764533	-0.00499969116846	0.00499969116846	0.967289719626	0.951351351351	0.965517241379	-0.0159383682748	0.0159383682748	153	86
g__Pantoea	0.273949094614	-5.24013017265	-5.27921097282	-5.24897652598	-0.0390808001685	-0.142657161264	0.142657161264	0.0210280373832	0.00540540540541	0.025078369906	-0.0156226319778	0.0156226319778	48	87
g__Acinetobacter	0.457623949952	-5.12472050946	-5.08126731024	-5.13078172726	0.0434531992207	0.0949539446642	0.0949539446642	0.130841121495	0.145945945946	0.115987460815	0.0151048244506	0.0151048244506	77	88
g__Megasphaera	0.571306857371	-5.14738153782	-5.15477649228	-5.10322734816	-0.0073949544607	-0.0129439273576	0.0129439273576	0.0794392523364	0.0648648648649	0.109717868339	-0.0145743874716	0.0145743874716	145	89
g__Prevotella	1.4080630932	-3.54341671074	-3.67579656297	-3.45707438089	-0.132379852229	-0.0940155685271	0.0940155685271	0.78738317757	0.772972972973	0.793103448276	-0.0144102045971	0.0144102045971	79	90
g__Anaerophaga	0.848117826044	-4.97760939143	-4.93510892358	-5.05503819818	0.0425004678546	0.0501115134589	0.0501115134589	0.142523364486	0.156756756757	0.134796238245	0.0142333922708	0.0142333922708	116	91
g__Arcobacter	0.181649411229	-5.27971769082	-5.26191882444	-5.24049317581	0.017798866381	0.0979847182582	0.0979847182582	0.00233644859813	0.0162162162162	0.025078369906	0.0138797676181	0.0138797676181	74	92
g__Ethanoligenens	0.253030999284	-5.22458871059	-5.24675999044	-5.21701391734	-0.0221712798558	-0.0876227810763	0.0876227810763	0.0514018691589	0.0378378378378	0.0595611285266	-0.013564031321	0.013564031321	82	93
g__Parasporobacterium	0.109951466799	-5.26361036851	-5.27796787638	-5.27436847872	-0.0143575078722	-0.130580412342	0.130580412342	0.018691588785	0.00540540540541	0.00940438871473	-0.0132861833796	0.0132861833796	53	94
g__Collinsella	1.01119861441	-4.5907459083	-4.54101709852	-4.53143503751	0.0497288097796	0.0491780833865	0.0491780833865	0.376168224299	0.389189189189	0.388714733542	0.0130209648901	0.0130209648901	118	95
g__Moryella	0.174050355457	-5.2687171906	-5.2466712698	-5.2394991838	0.0220459208002	0.126664037785	0.126664037785	0.0140186915888	0.027027027027	0.0438871473354	0.0130083354382	0.0130083354382	56	96
g__Granulicatella	0.14284056347	-5.25655436106	-5.27328189451	-5.26604140542	-0.016727533457	-0.117106325056	0.117106325056	0.0233644859813	0.0108108108108	0.0188087774295	-0.0125536751705	0.0125536751705	66	97
g__Clostridium_XVIII	0.861107967448	-3.53643173342	-3.5413962637	-3.51144570192	-0.00496453028115	-0.005765282019	0.005765282019	0.885514018692	0.897297297297	0.8934169279	0.0117832786057	0.0117832786057	152	98
g__Bilophila	0.913666577543	-3.32787405915	-3.23163781154	-3.30425797829	0.0962362476183	0.1053297231	0.1053297231	0.892523364486	0.881081081081	0.887147335423	-0.0114422834049	0.0114422834049	71	99
g__Sneathia	0.23068730138	-5.25214721063	-5.27653791003	-5.25166383569	-0.0243906994003	-0.105730567978	0.105730567978	0.0163551401869	0.00540540540541	0.0188087774295	-0.0109497347815	0.0109497347815	70	100
g__Clostridium_IV	0.593478835232	-2.2432225723	-2.42075111557	-2.25224167089	-0.17752854327	-0.299132054475	0.299132054475	1.0	0.989189189189	1.0	-0.0108108108108	0.0108108108108	4	101
g__Ralstonia	0.110445907083	-5.26987660469	-5.26136568969	-5.26706183713	0.00851091500103	0.0770595780851	0.0770595780851	0.0163551401869	0.027027027027	0.0188087774295	0.0106718868401	0.0106718868401	89	102
g__Clostridium_sensu_stricto	0.978517747669	-2.60634078734	-2.74230815753	-2.6026090944	-0.135967370192	-0.138952380287	0.138952380287	0.957943925234	0.967567567568	0.949843260188	0.00962364233392	0.00962364233392	50	103
g__Mobiluncus	0.127318056252	-5.25745114499	-5.26749335409	-5.27718190613	-0.0100422090978	-0.0788749796646	0.0788749796646	0.0257009345794	0.0162162162162	0.00626959247649	-0.00948471836322	0.00948471836322	88	104
g__Parvimonas	0.317989263334	-5.20093280302	-5.17531474192	-5.18642898083	0.0256180611033	0.0805626606216	0.0805626606216	0.0771028037383	0.0864864864865	0.0940438871473	0.00938368274817	0.00938368274817	87	105
g__Dorea	0.54472027092	-2.09778307466	-1.98345173675	-2.02136548642	0.11433133791	0.209890000452	0.209890000452	0.990654205607	1.0	1.0	0.00934579439252	0.00934579439252	23	106
g__Scardovia	0.150155390719	-5.26229405525	-5.24774936726	-5.25962441698	0.0145446879928	0.0968642412582	0.0968642412582	0.0233644859813	0.0324324324324	0.025078369906	0.00906794645112	0.00906794645112	76	107
g__Neisseria	0.229689910011	-5.22307327795	-5.23076197013	-5.21997050341	-0.00768869217484	-0.0334742269458	0.0334742269458	0.0630841121495	0.0540540540541	0.0658307210031	-0.00903005809548	0.00903005809548	131	108
g__Enterococcus	0.593468579579	-5.08848968145	-5.12159300483	-5.07710780418	-0.0331033233772	-0.0557794035207	0.0557794035207	0.121495327103	0.113513513514	0.115987460815	-0.00798181358929	0.00798181358929	109	109
g__Clostridium_XI	0.816361496222	-2.39006960613	-2.41344227076	-2.30794476614	-0.023372664628	-0.0286302878518	0.0286302878518	0.985981308411	0.978378378378	0.990595611285	-0.00760293003284	0.00760293003284	134	110
g__Eubacterium	0.900561153777	-3.92961577122	-3.94838562431	-3.88537162399	-0.0187698530819	-0.0208423969912	0.0208423969912	0.796728971963	0.789189189189	0.796238244514	-0.00753978277343	0.00753978277343	138	111
g__Alistipes	0.621349306038	-1.55610283923	-1.64690210053	-1.57766549703	-0.0907992612941	-0.146132393505	0.146132393505	0.992990654206	1.0	1.0	0.00700934579439	0.00700934579439	46	112
g__Varibaculum	0.372101530112	-5.17104784965	-5.16412590604	-5.17710250672	0.00692194360523	0.0186022981501	0.0186022981501	0.0934579439252	0.0864864864865	0.0940438871473	-0.00697145743875	0.00697145743875	139	113
g__Abiotrophia	0.0955603846958	-5.27439410514	-5.26770506671	-5.27260863749	0.00668903843829	0.0699980275256	0.0699980275256	0.00934579439252	0.0162162162162	0.00940438871473	0.00687042182369	0.00687042182369	93	114
g__Serratia	0.243421593899	-5.2512898382	-5.24898000282	-5.24239555696	0.00230983537883	0.00948903234851	0.00948903234851	0.0210280373832	0.027027027027	0.0282131661442	0.00599898964385	0.00599898964385	148	115
g__Methanosphaera	0.325811399165	-5.21831504234	-5.23893144885	-5.23514196942	-0.0206164065139	-0.063277118501	0.063277118501	0.0327102803738	0.027027027027	0.0282131661442	-0.0056832533468	0.0056832533468	101	116
g__Succinivibrio	0.268525392318	-5.2485201428	-5.26387269415	-5.25376225968	-0.0153525513505	-0.0571735552381	0.0571735552381	0.0163551401869	0.0108108108108	0.012539184953	-0.00554432937611	0.00554432937611	106	117
g__Fusibacter	0.207340347902	-5.25977789079	-5.2718284261	-5.24123297605	-0.0120505353063	-0.0581195866034	0.0581195866034	0.0163551401869	0.0108108108108	0.0282131661442	-0.00554432937611	0.00554432937611	105	118
g__Megamonas	0.276278708788	-5.25710647104	-5.25906214084	-5.25311350068	-0.00195566979946	-0.00707861205825	0.00707861205825	0.0163551401869	0.0108108108108	0.012539184953	-0.00554432937611	0.00554432937611	151	119
g__Ruminococcus2	0.455080899478	-2.06306885803	-2.00957338093	-2.03880479367	0.0534954770948	0.117551576338	0.117551576338	0.995327102804	1.0	1.0	0.00467289719626	0.00467289719626	65	120
g__Oscillibacter	0.557051468022	-2.25431663691	-2.40551588236	-2.25339032792	-0.151199245449	-0.271427783839	0.271427783839	0.995327102804	1.0	1.0	0.00467289719626	0.00467289719626	10	121
g__Subdoligranulum	0.499626653793	-2.6302830241	-2.61418616441	-2.58071673075	0.0160968596896	0.0322177761482	0.0322177761482	0.995327102804	1.0	1.0	0.00467289719626	0.00467289719626	132	122
g__Anaerostipes	0.615110826119	-2.06818879066	-2.07312583491	-2.04711477455	-0.00493704424735	-0.00802626784915	0.00802626784915	0.995327102804	1.0	0.996865203762	0.00467289719626	0.00467289719626	149	123
g__Faecalibacterium	0.687040962976	-1.87032127604	-1.83242992956	-1.84987092061	0.0378913464805	0.0551515099134	0.0551515099134	0.995327102804	1.0	1.0	0.00467289719626	0.00467289719626	110	124
g__Odoribacter	0.840330348241	-3.26611418216	-3.3281094513	-3.29633969712	-0.0619952691429	-0.0737748782639	0.0737748782639	0.901869158879	0.897297297297	0.899686520376	-0.00457186158121	0.00457186158121	92	125
g__Citrobacter	0.771430707329	-5.02460538746	-4.96028664314	-4.93992090398	0.0643187443256	0.0833759192038	0.0833759192038	0.163551401869	0.167567567568	0.194357366771	0.00401616569841	0.00401616569841	83	126
g__Tepidibacter	0.0969377165906	-5.27404065362	-5.27748895913	-5.26684315424	-0.00344830550284	-0.0355723821864	0.0355723821864	0.00934579439252	0.00540540540541	0.0156739811912	-0.00394038898712	0.00394038898712	130	127
g__Marvinbryantia	0.0873075196413	-5.2742075532	-5.27769235853	-5.27184071713	-0.00348480532982	-0.0399141487943	0.0399141487943	0.00934579439252	0.00540540540541	0.012539184953	-0.00394038898712	0.00394038898712	126	128
g__Catenibacterium	0.928879486977	-3.60695262965	-3.50823073092	-3.69004043172	0.0987218987262	0.106280631783	0.106280631783	0.866822429907	0.87027027027	0.824451410658	0.00344784036373	0.00344784036373	69	129
g__Cellulosilyticum	0.339258766974	-5.23078133927	-5.24754411103	-5.18721001734	-0.0167627717652	-0.0494099884718	0.0494099884718	0.0303738317757	0.027027027027	0.0564263322884	-0.00334680474867	0.00334680474867	117	130
g__Rhizobacter	0.32704150033	-5.233792635	-5.22566982304	-5.22355645933	0.00812281195638	0.024837251383	0.024837251383	0.0303738317757	0.027027027027	0.0344827586207	-0.00334680474867	0.00334680474867	137	131
g__Gallibacterium	0.0987647267216	-5.27160260746	-5.27333370314	-5.27038469097	-0.00173109568715	-0.0175274690126	0.0175274690126	0.0140186915888	0.0108108108108	0.012539184953	-0.00320788077797	0.00320788077797	141	132
g__Obesumbacterium	0.210243313418	-5.25758522741	-5.2633368315	-5.26027557373	-0.00575160409273	-0.0273568942537	0.0273568942537	0.0140186915888	0.0108108108108	0.012539184953	-0.00320788077797	0.00320788077797	135	133
g__Coprococcus	0.625426114755	-1.88513158341	-1.91077017834	-1.89557929009	-0.0256385949343	-0.0409938029921	0.0409938029921	0.997663551402	0.994594594595	0.996865203762	-0.00306895680727	0.00306895680727	125	134
g__Acetanaerobacterium	0.850320498505	-4.12101176782	-4.07590665341	-4.12967792859	0.0451051144121	0.0530448395533	0.0530448395533	0.721962616822	0.718918918919	0.71473354232	-0.00304369790351	0.00304369790351	112	135
g__Hallella	0.317539790499	-5.25046073719	-5.24801597504	-5.21617595318	0.00244476214333	0.00769907336491	0.00769907336491	0.018691588785	0.0216216216216	0.0376175548589	0.00293003283657	0.00293003283657	150	136
g__Murdochiella	0.146814508488	-5.26438425366	-5.2576480798	-5.26291606048	0.00673617386762	0.0458822083525	0.0458822083525	0.018691588785	0.0216216216216	0.0188087774295	0.00293003283657	0.00293003283657	121	137
g__Fusobacterium	0.650020667151	-5.00706333113	-4.96498253835	-4.94426307053	0.0420807927771	0.0647376228229	0.0647376228229	0.207943925234	0.210810810811	0.253918495298	0.00286688557717	0.00286688557717	100	138
g__Anaerotruncus	0.21206784119	-5.23272243061	-5.24030569881	-5.23832758968	-0.00758326819648	-0.0357586900208	0.0357586900208	0.0514018691589	0.0540540540541	0.0470219435737	0.00265218489518	0.00265218489518	129	139
g__Staphylococcus	0.145476968955	-5.26484505261	-5.26536837056	-5.26019309468	-0.00052331794814	-0.00359725633478	0.00359725633478	0.018691588785	0.0162162162162	0.0188087774295	-0.00247537256883	0.00247537256883	154	140
g__Syntrophococcus	0.185359944622	-5.26457474696	-5.26788860765	-5.22552314622	-0.00331386068334	-0.0178779762267	0.0178779762267	0.0140186915888	0.0162162162162	0.0532915360502	0.00219752462743	0.00219752462743	140	141
g__Peptostreptococcus	0.274662370387	-5.22437305682	-5.20173568056	-5.22770708182	0.022637376262	0.0824189212016	0.0824189212016	0.0560747663551	0.0540540540541	0.0532915360502	-0.00202071230109	0.00202071230109	85	142
g__Actinobacillus	0.228258712444	-5.23929599883	-5.25119133407	-5.23062515392	-0.011895335239	-0.0521133897219	0.0521133897219	0.0397196261682	0.0378378378378	0.0501567398119	-0.00188178833039	0.00188178833039	114	143
g__Alloprevotella	0.538772650201	-5.17675184247	-5.18310342368	-5.1821978726	-0.00635158121053	-0.011788982251	0.011788982251	0.0443925233645	0.0432432432432	0.0532915360502	-0.00114928012124	0.00114928012124	147	144
g__Bulleidia	0.128687507746	-5.25891180745	-5.25932614906	-5.27018089276	-0.000414341612949	-0.00321975007681	0.00321975007681	0.0280373831776	0.027027027027	0.012539184953	-0.00101035615054	0.00101035615054	155	145
g__Pasteurella	0.167394587362	-5.26904067254	-5.2734947334	-5.25583678955	-0.00445406085731	-0.0266081533907	0.0266081533907	0.0116822429907	0.0108108108108	0.0188087774295	-0.000871432179843	0.000871432179843	136	146
g__Anaeroglobus	0.135716159511	-5.27142452206	-5.26026054516	-5.26781449198	0.0111639768982	0.082259746654	0.082259746654	0.0116822429907	0.0108108108108	0.0156739811912	-0.000871432179843	0.000871432179843	86	147
g__Phocaeicola	0.234628542392	-5.25219897076	-5.26809376268	-5.26341598559	-0.0158947919213	-0.0677444941664	0.0677444941664	0.0116822429907	0.0108108108108	0.012539184953	-0.000871432179843	0.000871432179843	97	148
g__Sarcina	0.177666590762	-5.27867265659	-5.27609768973	-5.24359906338	0.00257496685911	0.0144932530537	0.0144932530537	0.00467289719626	0.00540540540541	0.0219435736677	0.000732508209144	0.000732508209144	144	149
g__Succiniclasticum	0.208956951244	-5.25652213519	-5.25019326609	-5.24729115917	0.00632886909371	0.0302879088541	0.0302879088541	0.0210280373832	0.0216216216216	0.025078369906	0.000593584238444	0.000593584238444	133	150
g__Ruminococcus	0.81625747804	-2.19230912241	-2.24296303301	-2.1369581275	-0.0506539106063	-0.0620562897971	0.0620562897971	0.978971962617	0.978378378378	0.990595611285	-0.000593584238444	0.000593584238444	103	151
g__Sphingomonas	0.122782439081	-5.26845433601	-5.26689578284	-5.26143166897	0.00155855317346	0.0126936163276	0.0126936163276	0.0163551401869	0.0162162162162	0.0219435736677	-0.0001389239707	0.0001389239707	146	152
g__Blautia	0.456107591111	-1.43344999823	-1.30277647234	-1.35328645173	0.130673525895	0.286497152079	0.286497152079	1.0	1.0	1.0	0.0	0.0	5	153
g__Clostridium_XlVa	0.436817277338	-1.89970539431	-1.83853367605	-1.87864678136	0.0611717182568	0.140039603354	0.140039603354	1.0	1.0	1.0	0.0	0.0	49	154
g__Bacteroides	0.515140893072	-0.994053924909	-0.951558389881	-1.05632628383	0.0424955350281	0.0824930336528	0.0824930336528	1.0	1.0	1.0	0.0	0.0	84	155
g__Roseburia	0.571942081767	-1.67305106136	-1.47322742047	-1.56576161304	0.199823640885	0.349377405956	0.349377405956	1.0	1.0	1.0	0.0	0.0	1	156
g__Lachnospiracea_incertae_sedis	0.392579371598	-1.82630002622	-1.82534438832	-1.83763677583	0.000955637891306	0.00243425396351	0.00243425396351	1.0	1.0	1.0	0.0	0.0	157	157
