denovo	std	CRC_logabun	H_logabun	nonCRC_logabun	delta_logabun	snr	abs_snr	CRC_presence	H_presence	nonCRC_presence	delta_presence	abs_delta_presence	rank_snr	rank_delta_presence
g__Porphyromonas	1.0969497370224746	-4.424265218351628	-5.434718724509745	-5.305655815252101	1.0104535061581172	0.9211484100455323	0.9211484100455323	0.4166666666666667	0.12790697674418605	0.1919191919191919	0.28875968992248063	0.28875968992248063	0	0
g__Parvimonas	0.7091330127168163	-4.963510737724898	-5.590476464443406	-5.5278246420268236	0.6269657267185078	0.8841299382135507	0.8841299382135507	0.30833333333333335	0.046511627906976744	0.08585858585858586	0.26182170542635663	0.26182170542635663	2	1
g__Collinsella	1.6417886029164448	-2.8063175745572164	-3.5344529376001574	-3.27905976165214	0.728135363042941	0.4435012898429761	0.4435012898429761	0.8833333333333333	0.6337209302325582	0.7222222222222222	0.24961240310077515	0.24961240310077515	6	2
g__Fusobacterium	0.9447675735413555	-4.776000321337609	-5.428555694091752	-5.359129358621908	0.6525553727541435	0.6907046675068585	0.6907046675068585	0.35833333333333334	0.11627906976744186	0.15656565656565657	0.2420542635658915	0.2420542635658915	3	3
g__Peptostreptococcus	0.6540320068423875	-5.035733047360501	-5.614713434224096	-5.599403839674119	0.578980386863595	0.8852477872739967	0.8852477872739967	0.26666666666666666	0.029069767441860465	0.045454545454545456	0.2375968992248062	0.2375968992248062	1	4
g__Anaerococcus	0.5399541242689695	-5.298952918878594	-5.599450373414143	-5.568537092914952	0.30049745453554877	0.5565240471908328	0.5565240471908328	0.19166666666666668	0.03488372093023256	0.05555555555555555	0.15678294573643412	0.15678294573643412	4	5
g__Enterobacter	1.1625252888570818	-4.675660766604208	-5.1266621141630955	-5.105717636114448	0.4510013475588872	0.38794970903581977	0.38794970903581977	0.38333333333333336	0.23837209302325582	0.25252525252525254	0.14496124031007754	0.14496124031007754	8	6
g__Eubacterium	1.2026087903346137	-4.159484246719966	-4.4865084854237836	-4.398473192425187	0.32702423870381736	0.27192902740451963	0.27192902740451963	0.65	0.5116279069767442	0.5858585858585859	0.13837209302325582	0.13837209302325582	24	7
g__Methanobrevibacter	1.7288771367117517	-3.6798781869184807	-4.256851301442386	-3.8795997192515066	0.5769731145239052	0.33372707769233545	0.33372707769233545	0.6166666666666667	0.48255813953488375	0.5757575757575758	0.13410852713178295	0.13410852713178295	16	8
g__Lachnobacterium	0.6615685985031169	-5.538956167860715	-5.301879947601242	-5.389345849519204	-0.23707622025947295	-0.3583547054619703	0.3583547054619703	0.075	0.20348837209302326	0.15656565656565657	-0.12848837209302327	0.12848837209302327	13	9
g__Catenibacterium	0.9688362584087048	-5.149684245294979	-5.474698050039309	-5.356983748785352	0.32501380474433006	0.33546825061869495	0.33546825061869495	0.18333333333333332	0.05813953488372093	0.10101010101010101	0.1251937984496124	0.1251937984496124	15	10
g__Desulfovibrio	1.3742813747109717	-4.532714182009079	-4.863216719040288	-4.663337567963436	0.3305025370312089	0.24049117095887126	0.24049117095887126	0.425	0.3023255813953488	0.35858585858585856	0.12267441860465117	0.12267441860465117	28	11
g__Hespellia	1.2379355853328442	-3.7924890774690967	-4.0662637477658725	-3.9322481204650566	0.2737746702967758	0.22115421314362324	0.22115421314362324	0.75	0.627906976744186	0.6818181818181818	0.12209302325581395	0.12209302325581395	37	12
g__Eggerthella	1.0913752150659937	-4.619684897177532	-4.873529636216369	-4.78622942563675	0.2538447390388372	0.23259162892341076	0.23259162892341076	0.5	0.37790697674418605	0.41919191919191917	0.12209302325581395	0.12209302325581395	30	13
g__Peptoniphilus	0.5363023429087933	-5.302644159300035	-5.578829712552968	-5.562095417129694	0.27618555325293226	0.5149810678710796	0.5149810678710796	0.18333333333333332	0.06395348837209303	0.06565656565656566	0.1193798449612403	0.1193798449612403	5	14
g__Dialister	1.5872232244959212	-4.155636197470786	-4.267689986644563	-4.303147115168349	0.1120537891737774	0.07059737247063282	0.07059737247063282	0.5583333333333333	0.4418604651162791	0.4797979797979798	0.11647286821705427	0.11647286821705427	111	15
g__Gemella	0.9491679891518955	-4.887428518293076	-5.244349173984463	-5.037051041793849	0.3569206556913871	0.37603528539800873	0.37603528539800873	0.35	0.23837209302325582	0.3282828282828283	0.11162790697674416	0.11162790697674416	11	16
g__Howardella	1.0317585119858304	-5.045017682160689	-5.2895934270640765	-5.153348607548789	0.24457574490338718	0.23704746998660678	0.23704746998660678	0.25	0.13953488372093023	0.20202020202020202	0.11046511627906977	0.11046511627906977	29	17
g__Haemophilus	1.4134118668494928	-4.801033434946738	-4.319137176445831	-4.283790198482832	-0.4818962585009068	-0.3409453888165363	0.3409453888165363	0.39166666666666666	0.5	0.5202020202020202	-0.10833333333333334	0.10833333333333334	14	18
g__Cloacibacillus	1.1079007780682386	-4.9211898098919535	-5.208976634168189	-5.12249319664241	0.28778682427623536	0.25975866248422275	0.25975866248422275	0.3	0.19186046511627908	0.21717171717171718	0.10813953488372091	0.10813953488372091	25	19
g__Staphylococcus	0.5078573556614755	-5.404787985200449	-5.591852911812986	-5.528724246709833	0.18706492661253726	0.3683414733038343	0.3683414733038343	0.14166666666666666	0.040697674418604654	0.08080808080808081	0.10096899224806201	0.10096899224806201	12	20
g__Lactobacillus	1.2917635756111292	-4.291569513237177	-4.573541696621683	-4.512603001008394	0.28197218338450547	0.21828466811436864	0.21828466811436864	0.5833333333333334	0.48255813953488375	0.4898989898989899	0.10077519379844962	0.10077519379844962	39	21
g__Oxalobacter	0.7877042615291187	-5.200032231389267	-5.354332475351052	-5.34301320266616	0.1543002439617851	0.19588600887121285	0.19588600887121285	0.24166666666666667	0.14534883720930233	0.1717171717171717	0.09631782945736433	0.09631782945736433	47	22
g__Acidaminococcus	1.378953843776753	-4.630758714599409	-4.918911839269708	-4.791399600302171	0.2881531246702993	0.20896502516798532	0.20896502516798532	0.38333333333333336	0.29069767441860467	0.3181818181818182	0.09263565891472869	0.09263565891472869	43	23
g__Sporobacter	1.2482867840163823	-3.1377284351611263	-3.3669993615935665	-3.2856176496189198	0.22927092643244018	0.18366847215569918	0.18366847215569918	0.875	0.7848837209302325	0.8333333333333334	0.09011627906976749	0.09011627906976749	51	24
g__Enterorhabdus	1.0423328879327276	-5.0205258440950535	-5.253873010894026	-5.268722075635565	0.23334716679897216	0.22387009898706414	0.22387009898706414	0.25	0.16279069767441862	0.14646464646464646	0.08720930232558138	0.08720930232558138	35	25
g__Actinomyces	1.1003389948940718	-4.186411537976034	-4.367359632734415	-4.395597108265342	0.18094809475838058	0.1644475889685253	0.1644475889685253	0.6916666666666667	0.6046511627906976	0.5959595959595959	0.08701550387596901	0.08701550387596901	57	26
g__Barnesiella	1.4747796865292264	-3.3869142749789516	-3.6187597563492964	-3.2983613159282994	0.23184548137034477	0.1572068584128482	0.1572068584128482	0.7833333333333333	0.6976744186046512	0.7929292929292929	0.08565891472868215	0.08565891472868215	63	27
g__Campylobacter	0.60573223907735	-5.356530597390616	-5.530652289435805	-5.494564408078587	0.17412169204518868	0.2874565374139743	0.2874565374139743	0.15833333333333333	0.0755813953488372	0.08585858585858586	0.08275193798449612	0.08275193798449612	19	28
g__Bilophila	1.345932563055442	-3.776986978803685	-4.085066752114904	-4.0250445816321925	0.30807977331121883	0.22889688664032148	0.22889688664032148	0.6916666666666667	0.6104651162790697	0.6363636363636364	0.08120155038759691	0.08120155038759691	33	29
g__Parasutterella	1.3883888167199039	-4.334328719496644	-4.444697103464003	-4.464147891060286	0.11036838396735948	0.07949385837614781	0.07949385837614781	0.5333333333333333	0.45348837209302323	0.4696969696969697	0.0798449612403101	0.0798449612403101	102	30
g__Victivallis	0.4467077858045222	-5.450103613776048	-5.625568577534264	-5.594464975570034	0.17546496375821619	0.3927958485035205	0.3927958485035205	0.1	0.023255813953488372	0.04040404040404041	0.07674418604651163	0.07674418604651163	7	31
g__Alloprevotella	0.6820536819590218	-5.405583990688015	-5.596632123575144	-5.512353347602423	0.19104813288712919	0.2801071791569149	0.2801071791569149	0.1	0.023255813953488372	0.050505050505050504	0.07674418604651163	0.07674418604651163	22	32
g__Peptococcus	0.9154028855221059	-5.23545393835787	-5.432104029958749	-5.263535162863467	0.19665009160087887	0.2148235435031628	0.2148235435031628	0.175	0.09883720930232558	0.16161616161616163	0.07616279069767441	0.07616279069767441	42	33
g__Pseudomonas	1.1513547062875793	-3.975474454408054	-3.989442756819804	-3.896726575103473	0.013968302411750066	0.012132058292261097	0.012132058292261097	0.7666666666666667	0.6918604651162791	0.7525252525252525	0.07480620155038764	0.07480620155038764	156	34
g__Streptococcus	0.9864355668951071	-2.9489721355094853	-2.694488148931714	-2.7215019384623185	-0.2544839865777715	-0.2579833849450322	0.2579833849450322	0.8916666666666667	0.9651162790697675	0.9444444444444444	-0.07344961240310077	0.07344961240310077	26	35
g__Clostridium_XII	0.6301269614958911	-5.3372964215835825	-5.475932691553815	-5.400098967028567	0.13863626997023282	0.2200132329540653	0.2200132329540653	0.18333333333333332	0.11046511627906977	0.16161616161616163	0.07286821705426355	0.07286821705426355	38	36
g__Rothia	0.8306561513629437	-5.14402442854043	-5.250137640697846	-5.143630700612343	0.10611321215741665	0.12774625455226654	0.12774625455226654	0.30833333333333335	0.23837209302325582	0.2828282828282828	0.06996124031007753	0.06996124031007753	73	37
g__Clostridium_III	1.2975468682717468	-4.40932069095527	-4.476442725186126	-4.48316393166231	0.06712203423085583	0.05172994970136091	0.05172994970136091	0.5333333333333333	0.46511627906976744	0.47474747474747475	0.06821705426356589	0.06821705426356589	128	38
g__Clostridium_XI	1.1136107778026958	-2.8013237807341156	-2.5430853016297688	-2.60732500299175	-0.25823847910434683	-0.23189294163790886	0.23189294163790886	0.8916666666666667	0.9593023255813954	0.9292929292929293	-0.06763565891472867	0.06763565891472867	31	39
g__Pseudoflavonifractor	1.2012512870030287	-4.178381234646744	-4.352873465600894	-4.3271595233216225	0.1744922309541499	0.145258725499047	0.145258725499047	0.6416666666666667	0.5755813953488372	0.5858585858585859	0.06608527131782949	0.06608527131782949	66	40
g__Butyricicoccus	1.0452824738696405	-3.2492200353012297	-3.3261259960851577	-3.376035188697849	0.07690596078392797	0.0735743329735758	0.0735743329735758	0.9166666666666666	0.8546511627906976	0.8434343434343434	0.06201550387596899	0.06201550387596899	109	41
g__Methylobacterium	0.6482765935241014	-5.480429304120494	-5.368015082718622	-5.357283486923803	-0.11241422140187218	-0.17340472033823767	0.17340472033823767	0.10833333333333334	0.1686046511627907	0.20202020202020202	-0.060271317829457355	0.060271317829457355	55	42
g__Enterococcus	1.1388984712229653	-4.865769710207715	-5.0868493131181305	-4.866833991573285	0.2210796029104154	0.194117042472642	0.194117042472642	0.3333333333333333	0.27325581395348836	0.35353535353535354	0.06007751937984496	0.06007751937984496	48	43
g__Subdoligranulum	0.8774693741609144	-3.006967451036275	-3.0889531388157483	-3.0806638708810103	0.08198568777947335	0.09343424419555689	0.09343424419555689	0.9666666666666667	0.9069767441860465	0.9191919191919192	0.05968992248062022	0.05968992248062022	91	44
g__Acetitomaculum	0.9125152154731778	-5.237492607456818	-5.282522470442491	-5.232924225721288	0.045029862985673574	0.04934697221714126	0.04934697221714126	0.21666666666666667	0.1569767441860465	0.18181818181818182	0.05968992248062016	0.05968992248062016	131	45
g__Lactonifactor	1.022607874734102	-4.8190623463708535	-4.918229076252118	-5.055346777463138	0.09916672988126418	0.0969743460141547	0.0969743460141547	0.4083333333333333	0.3488372093023256	0.3181818181818182	0.059496124031007735	0.059496124031007735	86	46
g__Escherichia/Shigella	1.1897655797624278	-2.907946338037948	-3.1654105327197763	-3.013096262623257	0.25746419468182813	0.21639909496561377	0.21639909496561377	0.9166666666666666	0.8604651162790697	0.9090909090909091	0.05620155038759689	0.05620155038759689	41	47
g__Weissella	0.5802630166610804	-5.443017661159755	-5.5866779434198754	-5.503756633994852	0.14366028226012073	0.24757787095714517	0.24757787095714517	0.1	0.046511627906976744	0.07575757575757576	0.05348837209302326	0.05348837209302326	27	48
g__Gracilibacter	0.38561696390226907	-5.642131605272263	-5.554912656038951	-5.547535655661163	-0.08721894923331242	-0.22618027057392948	0.22618027057392948	0.016666666666666666	0.06976744186046512	0.07575757575757576	-0.05310077519379845	0.05310077519379845	34	49
g__Lachnoanaerobaculum	0.3008631825592946	-5.544622528641411	-5.659471296460103	-5.639341709196645	0.11484876781869158	0.38173088126546356	0.38173088126546356	0.058333333333333334	0.005813953488372093	0.015151515151515152	0.052519379844961245	0.052519379844961245	9	50
g__Ethanoligenens	0.4029912653019518	-5.667385702086108	-5.552830537495077	-5.59155754974018	-0.11455516459103077	-0.2842621526925585	0.2842621526925585	0.0	0.05232558139534884	0.03535353535353535	-0.05232558139534884	0.05232558139534884	20	51
g__Corynebacterium	0.618068456809702	-5.358083513585223	-5.42614599859366	-5.441888297184087	0.06806248500843726	0.11012127258484752	0.11012127258484752	0.19166666666666668	0.13953488372093023	0.1414141414141414	0.05213178294573645	0.05213178294573645	83	52
g__Streptophyta	0.8101354381789705	-5.356863405551854	-5.238684970038642	-5.259244050079706	-0.11817843551321161	-0.1458749117047072	0.1458749117047072	0.15833333333333333	0.20930232558139536	0.23737373737373738	-0.050968992248062034	0.050968992248062034	65	53
g__Anaerofilum	0.8504041513651855	-5.081214365089112	-5.178326965103853	-5.163587482904177	0.09711260001474109	0.11419582072693625	0.11419582072693625	0.31666666666666665	0.26744186046511625	0.2828282828282828	0.0492248062015504	0.0492248062015504	80	54
g__Granulicatella	0.8618245222212386	-5.174566327158799	-5.1058159874630205	-5.152217539085747	-0.0687503396957787	-0.07977301402213968	0.07977301402213968	0.26666666666666666	0.313953488372093	0.2878787878787879	-0.04728682170542636	0.04728682170542636	101	55
g__Phascolarctobacterium	1.5213366691077268	-3.095197311400797	-3.1161006083441904	-2.9531384316824476	0.020903296943393546	0.013740086180696253	0.013740086180696253	0.8166666666666667	0.7732558139534884	0.8333333333333334	0.04341085271317824	0.04341085271317824	154	56
g__Eikenella	0.3140852484394055	-5.567391996938813	-5.667385702086108	-5.630409909813937	0.09999370514729478	0.31836485681557225	0.31836485681557225	0.041666666666666664	0.0	0.015151515151515152	0.041666666666666664	0.041666666666666664	17	57
g__Clostridium_XVIII	0.8682093594687159	-2.898690136722331	-2.569747747891837	-2.5590702002468477	-0.3289423888304941	-0.37887450214978574	0.37887450214978574	0.925	0.9651162790697675	0.9696969696969697	-0.040116279069767447	0.040116279069767447	10	58
g__Parabacteroides	1.3743813699833294	-2.9720202789746066	-3.04538236303243	-3.0247804971526944	0.0733620840578233	0.053378258509654525	0.053378258509654525	0.8583333333333333	0.8197674418604651	0.8232323232323232	0.03856589147286815	0.03856589147286815	124	59
g__Alloscardovia	0.3361696496709513	-5.558563300865627	-5.652247022760902	-5.601114491645725	0.09368372189527463	0.2786798926880338	0.2786798926880338	0.05	0.011627906976744186	0.04040404040404041	0.03837209302325582	0.03837209302325582	23	60
g__Prevotella	1.7190266742581757	-3.742513839379766	-4.042011966764584	-3.872446562679162	0.2994981273848185	0.17422541015197635	0.17422541015197635	0.625	0.5872093023255814	0.601010101010101	0.03779069767441856	0.03779069767441856	54	61
g__Megamonas	0.6581055107366802	-5.467064327797233	-5.5980405741347505	-5.495954989861757	0.13097624633751792	0.19902013309522926	0.19902013309522926	0.06666666666666667	0.029069767441860465	0.06565656565656566	0.037596899224806204	0.037596899224806204	45	62
g__Flavonifractor	1.0147442717041701	-3.2791545507866102	-3.292198418684623	-3.372941104747789	0.013043867898012707	0.012854340016235543	0.012854340016235543	0.8916666666666667	0.8546511627906976	0.8636363636363636	0.03701550387596908	0.03701550387596908	155	63
g__Acinetobacter	0.42080271402657254	-5.60761827548365	-5.528419745544898	-5.587997021868917	-0.07919852993875143	-0.1882082203817494	0.1882082203817494	0.03333333333333333	0.06976744186046512	0.050505050505050504	-0.03643410852713178	0.03643410852713178	50	64
g__Neisseria	0.5540447625980172	-5.466816026076037	-5.544116533588954	-5.512254058466408	0.07730050751291717	0.1395203289179036	0.1395203289179036	0.1	0.06395348837209303	0.08080808080808081	0.03604651162790698	0.03604651162790698	70	65
g__Anaerotruncus	0.9593107235941648	-4.946289170778481	-5.031850074054327	-4.993231796290792	0.08556090327584531	0.0891899789833286	0.0891899789833286	0.36666666666666664	0.3313953488372093	0.35858585858585856	0.03527131782945736	0.03527131782945736	95	66
g__Pediococcus	0.39384370289456344	-5.541904125042671	-5.627396327169626	-5.607318551402267	0.08549220212695463	0.21707139532415448	0.21707139532415448	0.058333333333333334	0.023255813953488372	0.030303030303030304	0.03507751937984496	0.03507751937984496	40	67
g__Clostridium_sensu_stricto	1.2900195471994411	-2.944571641676264	-2.864095055861029	-2.8261780772847684	-0.08047658581523498	-0.0623840049477894	0.0623840049477894	0.8666666666666667	0.9011627906976745	0.898989898989899	-0.03449612403100777	0.03449612403100777	114	68
g__Solobacterium	0.4132236388785916	-5.503249034288386	-5.581250670546975	-5.584393935803966	0.07800163625858936	0.1887637320804555	0.1887637320804555	0.09166666666666666	0.05813953488372093	0.05555555555555555	0.03352713178294573	0.03352713178294573	49	69
g__Aeromonas	0.23066265147369044	-5.602002529310449	-5.667385702086108	-5.639884646249453	0.06538317277565842	0.2834579952928187	0.2834579952928187	0.03333333333333333	0.0	0.015151515151515152	0.03333333333333333	0.03333333333333333	21	70
g__Mogibacterium	1.1531782955068048	-4.590598758972221	-4.732235052381185	-4.5814011544833155	0.1416362934089639	0.12282254527407388	0.12282254527407388	0.49166666666666664	0.45930232558139533	0.4898989898989899	0.03236434108527131	0.03236434108527131	75	71
g__Paraprevotella	1.237198561560498	-4.954079158713276	-5.011906254657157	-4.922774824292835	0.05782709594388091	0.046740351743492725	0.046740351743492725	0.275	0.2441860465116279	0.3282828282828283	0.030813953488372126	0.030813953488372126	135	72
g__Ruminococcus	1.0114954928120141	-1.9912826523894815	-1.9863226849035847	-1.7476646611468276	-0.004959967485896888	-0.004903598207944457	0.004903598207944457	0.9833333333333333	0.9534883720930233	0.9797979797979798	0.029844961240309997	0.029844961240309997	161	73
g__Clostridium_XlVb	1.0799062821319974	-3.2181045124920837	-3.4098814537366566	-3.3607065567136956	0.1917769412445729	0.17758665211758803	0.17758665211758803	0.8666666666666667	0.8372093023255814	0.8787878787878788	0.029457364341085257	0.029457364341085257	52	74
g__Pseudobutyrivibrio	0.5554859278798413	-5.542985435376934	-5.586161104266776	-5.479752857973994	0.04317566888984192	0.07772594538017058	0.07772594538017058	0.058333333333333334	0.029069767441860465	0.08585858585858586	0.02926356589147287	0.02926356589147287	105	75
g__Succinivibrio	0.5910298921871435	-5.484218396937777	-5.542810977973635	-5.593891112455975	0.05859258103585763	0.0991364088524052	0.0991364088524052	0.075	0.046511627906976744	0.030303030303030304	0.028488372093023254	0.028488372093023254	85	76
g__Holdemania	0.8084616614915124	-5.200658013405018	-5.217066269250778	-5.109394811648972	0.01640825584575989	0.020295651145026065	0.020295651145026065	0.2833333333333333	0.2558139534883721	0.32323232323232326	0.027519379844961223	0.027519379844961223	151	77
g__Slackia	1.0455579713522758	-5.093023538716502	-5.15638478339327	-5.1591455607980405	0.06336124467676818	0.06060041280620692	0.06060041280620692	0.225	0.19767441860465115	0.21717171717171718	0.027325581395348852	0.027325581395348852	116	78
g__Acetanaerobacterium	1.0514298570952747	-4.781093209869973	-4.878204680915223	-4.807895129581593	0.09711147104524986	0.0923613405020989	0.0923613405020989	0.4166666666666667	0.38953488372093026	0.4292929292929293	0.027131782945736427	0.027131782945736427	92	79
g__Anaerofustis	0.9175629398097865	-4.996984446119871	-5.028694520413323	-5.001501506592168	0.03171007429345174	0.03455901815304935	0.03455901815304935	0.35833333333333334	0.3313953488372093	0.37373737373737376	0.026937984496124057	0.026937984496124057	139	80
g__Sutterella	0.9911115225734691	-5.32768658646752	-5.258815779480168	-5.099055080849445	-0.06887080698735204	-0.06948845353802935	0.06948845353802935	0.14166666666666666	0.1686046511627907	0.23232323232323232	-0.02693798449612403	0.02693798449612403	112	81
g__Salmonella	0.40745134551213347	-5.559960242244517	-5.622722926947918	-5.580099961261337	0.06276268470340085	0.15403724983289285	0.15403724983289285	0.05	0.023255813953488372	0.045454545454545456	0.02674418604651163	0.02674418604651163	64	82
g__Citrobacter	0.6423314628635942	-5.570370761270225	-5.478182811655548	-5.448986914333573	-0.09218794961467669	-0.14352083767419901	0.14352083767419901	0.05	0.0755813953488372	0.10101010101010101	-0.025581395348837202	0.025581395348837202	67	83
g__Morganella	0.24414139864020656	-5.610984505508998	-5.667385702086108	-5.6423828225469075	0.0564011965771094	0.23101856912120164	0.23101856912120164	0.025	0.0	0.010101010101010102	0.025	0.025	32	84
g__Lactococcus	1.022785287922353	-4.9495586424663935	-4.901926045603393	-5.08157031814077	-0.04763259686300092	-0.046571452899718535	0.046571452899718535	0.3416666666666667	0.36627906976744184	0.30808080808080807	-0.02461240310077517	0.02461240310077517	136	85
g__Paenibacillus	0.33323422165433086	-5.5815017899593755	-5.635960427114082	-5.608856759806557	0.054458637154706224	0.16342450329485375	0.16342450329485375	0.041666666666666664	0.01744186046511628	0.030303030303030304	0.024224806201550386	0.024224806201550386	59	86
g__Anaerophaga	0.5192246297553577	-5.573044879342643	-5.623259747616395	-5.53757332763242	0.05021486827375199	0.09671126020622646	0.09671126020622646	0.041666666666666664	0.01744186046511628	0.04040404040404041	0.024224806201550386	0.024224806201550386	87	87
g__Oribacterium	0.3780843225532238	-5.6292929925220765	-5.605951089146025	-5.538223414122148	-0.023341903376051576	-0.061737295052126065	0.061737295052126065	0.016666666666666666	0.040697674418604654	0.08080808080808081	-0.024031007751937988	0.024031007751937988	115	88
g__Abiotrophia	0.2315330377607444	-5.667385702086108	-5.627620986174254	-5.625652375667756	-0.039764715911854154	-0.17174532108435075	0.17174532108435075	0.0	0.023255813953488372	0.025252525252525252	-0.023255813953488372	0.023255813953488372	56	89
g__Bulleidia	0.3973635532191428	-5.595489551404293	-5.6400486605316935	-5.597826988717355	0.04455910912740091	0.11213688010995543	0.11213688010995543	0.03333333333333333	0.011627906976744186	0.020202020202020204	0.021705426356589147	0.021705426356589147	81	90
g__Ralstonia	0.3608361892572192	-5.590558530677732	-5.648301200849489	-5.5987970576634645	0.05774267017175738	0.16002460920181144	0.16002460920181144	0.03333333333333333	0.011627906976744186	0.030303030303030304	0.021705426356589147	0.021705426356589147	60	91
g__Pyramidobacter	0.3694215137330716	-5.580931197584824	-5.641379738123005	-5.607796287898718	0.06044854053818138	0.16363026594563454	0.16363026594563454	0.03333333333333333	0.011627906976744186	0.025252525252525252	0.021705426356589147	0.021705426356589147	58	92
g__Alistipes	1.0051780990316908	-2.0110118855545633	-2.0186458485195313	-1.92189748319341	0.0076339629649679885	0.007594637181532254	0.007594637181532254	0.975	0.9534883720930233	0.9797979797979798	0.021511627906976694	0.021511627906976694	158	93
g__Methanomassiliicoccus	0.3603360351514124	-5.556923268410754	-5.620794651265549	-5.611698414204819	0.06387138285479477	0.17725505257323532	0.17725505257323532	0.05	0.029069767441860465	0.030303030303030304	0.020930232558139538	0.020930232558139538	53	94
g__Methanosphaera	0.7508276779747636	-5.518930451281886	-5.563835698845179	-5.410875004068963	0.04490524756329339	0.05980766143893103	0.05980766143893103	0.05	0.029069767441860465	0.08080808080808081	0.020930232558139538	0.020930232558139538	117	95
g__Vampirovibrio	0.871560520592619	-5.357921765408745	-5.335285046525936	-5.261521766233943	-0.022636718882809603	-0.025972629952785986	0.025972629952785986	0.125	0.14534883720930233	0.18181818181818182	-0.020348837209302334	0.020348837209302334	145	96
g__Atopobium	0.4561261714416557	-5.541360327771594	-5.573778485865792	-5.486449493203497	0.03241815809419801	0.07107278670665954	0.07107278670665954	0.08333333333333333	0.06395348837209303	0.11616161616161616	0.019379844961240303	0.019379844961240303	110	97
g__Butyricimonas	1.302948930613858	-4.736223271273705	-4.616856031880274	-4.371823525252946	-0.11936723939343086	-0.09161313739072904	0.09161313739072904	0.4	0.4186046511627907	0.51010101010101	-0.018604651162790697	0.018604651162790697	93	98
g__Clostridium_IV	0.6300011817923659	-1.912851585203797	-2.0534524745003675	-2.0193088890085487	0.14060088929657044	0.22317559611008683	0.22317559611008683	1.0	0.9825581395348837	0.9949494949494949	0.01744186046511631	0.01744186046511631	36	99
g__Roseburia	0.6547739257667026	-1.644873929657961	-1.6296758558734725	-1.6150079482463455	-0.015198073784488564	-0.023211177455932586	0.023211177455932586	1.0	0.9825581395348837	0.9949494949494949	0.01744186046511631	0.01744186046511631	147	100
g__Gardnerella	0.16108307893242027	-5.667385702086108	-5.647360170231375	-5.641693826945407	-0.020025531854733103	-0.12431803506272984	0.12431803506272984	0.0	0.01744186046511628	0.015151515151515152	-0.01744186046511628	0.01744186046511628	74	101
g__Hydrogenoanaerobacterium	0.6085541772675258	-5.472147881687993	-5.4531359370752215	-5.343832126190865	-0.01901194461277189	-0.031241170175082163	0.031241170175082163	0.11666666666666667	0.13372093023255813	0.20202020202020202	-0.01705426356589146	0.01705426356589146	140	102
g__Anaeroglobus	0.18606180478196457	-5.643350065835443	-5.667385702086108	-5.638878776421541	0.02403563625066507	0.12918092608437873	0.12918092608437873	0.016666666666666666	0.0	0.015151515151515152	0.016666666666666666	0.016666666666666666	71	103
g__Scardovia	0.1885859220520362	-5.640398942213795	-5.667385702086108	-5.6248059723007495	0.026986759872312582	0.14310060676144304	0.14310060676144304	0.016666666666666666	0.0	0.030303030303030304	0.016666666666666666	0.016666666666666666	68	104
g__Oscillibacter	0.9661177748079333	-2.378616185566927	-2.458545061718439	-2.3942341711486237	0.07992887615151156	0.08273202112175364	0.08273202112175364	0.9583333333333334	0.9418604651162791	0.9646464646464646	0.016472868217054293	0.016472868217054293	100	105
g__Selenomonas	0.25676777899253733	-5.602855479099142	-5.625927223658381	-5.667385702086097	0.023071744559238994	0.08985451620824102	0.08985451620824102	0.03333333333333333	0.01744186046511628	0.0	0.015891472868217054	0.015891472868217054	94	106
g__Marvinbryantia	0.39425448575676053	-5.615718745046716	-5.586203212014775	-5.594993425114399	-0.02951553303194121	-0.07486416540140808	0.07486416540140808	0.025	0.040697674418604654	0.03535353535353535	-0.015697674418604653	0.015697674418604653	108	107
g__Akkermansia	1.3260219509931257	-2.3626760336534796	-2.4367464575602944	-2.319291886757316	0.07407042390681484	0.055859123486862124	0.055859123486862124	0.9166666666666666	0.9011627906976745	0.9242424242424242	0.015503875968992165	0.015503875968992165	121	108
g__Anaeroplasma	0.2785340245953882	-5.652961122719187	-5.61726150640565	-5.628783891265793	-0.03569961631353724	-0.1281696782480927	0.1281696782480927	0.008333333333333333	0.023255813953488372	0.020202020202020204	-0.014922480620155039	0.014922480620155039	72	109
g__Gemmiger	1.3549315114591987	-2.889342646333792	-2.6164638405550105	-2.850681703417369	-0.27287880577878143	-0.20139675213908306	0.20139675213908306	0.8583333333333333	0.872093023255814	0.8535353535353535	-0.013759689922480667	0.013759689922480667	44	110
g__Odoribacter	1.3699716475076265	-3.912208135975085	-3.8429977675802984	-3.5703045772297823	-0.06921036839478667	-0.05051956259145968	0.05051956259145968	0.6666666666666666	0.6802325581395349	0.7525252525252525	-0.013565891472868241	0.013565891472868241	130	111
g__Anaerorhabdus	0.4977061613366452	-5.5190904923255095	-5.548660381440074	-5.495990320338044	0.029569889114564596	0.059412342887520966	0.059412342887520966	0.08333333333333333	0.06976744186046512	0.10101010101010101	0.013565891472868213	0.013565891472868213	118	112
g__Moryella	0.2518859383327529	-5.6273099475764665	-5.646521666026783	-5.618595289219084	0.01921171845031644	0.07627150041594175	0.07627150041594175	0.025	0.011627906976744186	0.030303030303030304	0.013372093023255816	0.013372093023255816	107	113
g__Hallella	0.24045289544030526	-5.60864752224484	-5.646756041182257	-5.655345841406337	0.038108518937416846	0.15848642149904013	0.15848642149904013	0.025	0.011627906976744186	0.005050505050505051	0.013372093023255816	0.013372093023255816	61	114
g__Listeria	0.2373105031271078	-5.632300457508671	-5.6406292145517	-5.639258203327837	0.008328757043028823	0.03509645352092903	0.03509645352092903	0.025	0.011627906976744186	0.015151515151515152	0.013372093023255816	0.013372093023255816	138	115
g__Deinococcus	0.39379715782068536	-5.6140543263121	-5.576834935540819	-5.596432058524855	-0.037219390771281446	-0.094514117311708	0.094514117311708	0.03333333333333333	0.046511627906976744	0.030303030303030304	-0.01317829457364341	0.01317829457364341	90	116
g__Eggerthia	0.7571108866290202	-5.400127935356013	-5.310867633409992	-5.3735404509012925	-0.08926030194602141	-0.11789594301496081	0.11789594301496081	0.15	0.16279069767441862	0.14646464646464646	-0.012790697674418622	0.012790697674418622	76	117
g__Coprococcus	1.0999453980058405	-2.4964632753038787	-2.4342915043634648	-2.3012158322526512	-0.06217177094041393	-0.056522597442681254	0.056522597442681254	0.925	0.9127906976744186	0.9393939393939394	0.012209302325581484	0.012209302325581484	120	118
g__Robinsoniella	0.37234323824450516	-5.571864447090264	-5.5912034748684585	-5.583761290106643	0.019339027778194406	0.05193871082330525	0.05193871082330525	0.058333333333333334	0.046511627906976744	0.050505050505050504	0.01182170542635659	0.01182170542635659	127	119
g__Succiniclasticum	0.6804941595394917	-5.480405787370714	-5.552142357319821	-5.491656018383213	0.07173656994910704	0.105418347745487	0.105418347745487	0.058333333333333334	0.046511627906976744	0.06565656565656566	0.01182170542635659	0.01182170542635659	84	120
g__Defluviitalea	0.8868032654785749	-5.076332517754957	-5.127189311919349	-5.076134292709521	0.050856794164391594	0.05734845161733371	0.05734845161733371	0.30833333333333335	0.29651162790697677	0.32323232323232326	0.011821705426356577	0.011821705426356577	119	121
g__Proteus	0.253766208070776	-5.667385702086108	-5.637677003842208	-5.625943054546568	-0.029708698243899434	-0.11707113594735832	0.11707113594735832	0.0	0.011627906976744186	0.020202020202020204	-0.011627906976744186	0.011627906976744186	77	122
g__Vagococcus	0.1603916489009889	-5.667385702086108	-5.648792154429866	-5.644618469634463	-0.018593547656242215	-0.11592590875925322	0.11592590875925322	0.0	0.011627906976744186	0.015151515151515152	-0.011627906976744186	0.011627906976744186	78	123
g__Leptotrichia	0.21776921710662692	-5.635349237466157	-5.654249988376984	-5.644132195042759	0.018900750910827213	0.08679257409265878	0.08679257409265878	0.016666666666666666	0.005813953488372093	0.010101010101010102	0.010852713178294573	0.010852713178294573	97	124
g__Bifidobacterium	1.4375451253412073	-2.9269993940991323	-3.002021864062672	-2.970040692717799	0.07502246996353978	0.052187906063632536	0.052187906063632536	0.8416666666666667	0.8313953488372093	0.8333333333333334	0.010271317829457338	0.010271317829457338	126	125
g__Allobaculum	0.34065273721129863	-5.6070002951396765	-5.614283204455051	-5.611441053840772	0.00728290931537412	0.021379277251650872	0.021379277251650872	0.03333333333333333	0.023255813953488372	0.03535353535353535	0.010077519379844961	0.010077519379844961	150	126
g__Oxobacter	0.3596491550783867	-5.598770255768731	-5.611485523308884	-5.619557489325358	0.012715267540153619	0.035354643158781465	0.035354643158781465	0.03333333333333333	0.023255813953488372	0.020202020202020204	0.010077519379844961	0.010077519379844961	137	127
g__Gordonibacter	1.040367977381097	-4.908942664401513	-4.80874486960206	-4.854134920091481	-0.10019779479945345	-0.09630995664791595	0.09630995664791595	0.39166666666666666	0.4011627906976744	0.41414141414141414	-0.009496124031007747	0.009496124031007747	88	128
g__Anaerovorax	0.37596000658554024	-5.57441332093704	-5.582779235081285	-5.6168799240810126	0.008365914144244257	0.022252138519262433	0.022252138519262433	0.05	0.040697674418604654	0.030303030303030304	0.009302325581395349	0.009302325581395349	148	129
g__Cerasicoccus	0.24071106003201234	-5.649238705066918	-5.635945089239634	-5.635310564414537	-0.013293615827284277	-0.05522644379330285	0.05522644379330285	0.008333333333333333	0.01744186046511628	0.015151515151515152	-0.009108527131782946	0.009108527131782946	122	130
g__Megasphaera	0.9886885429595935	-5.393048983680563	-5.307651397584311	-5.1888018980763775	-0.08539758609625192	-0.086374608772767	0.086374608772767	0.125	0.13372093023255813	0.18686868686868688	-0.008720930232558127	0.008720930232558127	98	131
g__Actinobacillus	0.4572268501598311	-5.547632298419129	-5.571940364321358	-5.558440078284461	0.024308065902229004	0.053164126065063155	0.053164126065063155	0.06666666666666667	0.05813953488372093	0.05555555555555555	0.008527131782945736	0.008527131782945736	125	132
g__Turicibacter	1.3633504648234518	-3.9007839755969482	-3.795160881810815	-3.7196480402826304	-0.1056230937861331	-0.07747317840230528	0.07747317840230528	0.6833333333333333	0.6918604651162791	0.7272727272727273	-0.00852713178294573	0.00852713178294573	106	133
g__Anaerosporobacter	1.0715062950391792	-5.010489537928327	-4.94116730437104	-4.898239348136784	-0.06932223355728784	-0.06469605813632023	0.06469605813632023	0.3333333333333333	0.32558139534883723	0.3434343434343434	0.007751937984496082	0.007751937984496082	113	134
g__Sarcina	0.36740213533909577	-5.602044533580582	-5.633197499365271	-5.612514212031368	0.03115296578468918	0.08479255504581208	0.08479255504581208	0.025	0.01744186046511628	0.020202020202020204	0.0075581395348837226	0.0075581395348837226	99	135
g__Saccharibacteria_genera_incertae_sedis	0.26619783328308017	-5.62376979349784	-5.63730550543072	-5.609883728898299	0.013535711932879835	0.05084831745600906	0.05084831745600906	0.025	0.01744186046511628	0.04040404040404041	0.0075581395348837226	0.0075581395348837226	129	136
g__Olsenella	0.3628174625189985	-5.602722881933816	-5.574060080696214	-5.637024223689356	-0.028662801237601343	-0.0790006110472162	0.0790006110472162	0.03333333333333333	0.040697674418604654	0.015151515151515152	-0.007364341085271321	0.007364341085271321	104	137
g__Bacillus	0.3731390101909471	-5.614255915440529	-5.581597963504489	-5.603347758391802	-0.03265795193603971	-0.08752221302009563	0.08752221302009563	0.03333333333333333	0.040697674418604654	0.030303030303030304	-0.007364341085271321	0.007364341085271321	96	138
g__Acetivibrio	0.6530463830001612	-5.52070625206345	-5.48931949602402	-5.426249197436921	-0.03138675603942964	-0.04806206244529785	0.04806206244529785	0.075	0.08139534883720931	0.10101010101010101	-0.006395348837209311	0.006395348837209311	133	139
g__Leuconostoc	0.6693838304660249	-5.410674125105203	-5.407105327621556	-5.4261207276712815	-0.0035687974836466907	-0.005331466523716437	0.005331466523716437	0.13333333333333333	0.13953488372093023	0.12626262626262627	-0.006201550387596899	0.006201550387596899	160	140
g__Faecalibacterium	0.5128888768219767	-1.4415541487977772	-1.4171050916205574	-1.434799256431444	-0.02444905717721979	-0.047669306709698905	0.047669306709698905	1.0	0.9941860465116279	1.0	0.005813953488372103	0.005813953488372103	134	141
g__Clostridium_XlVa	0.4294694305700835	-1.812823455907879	-1.8729112594327988	-1.9181560578850514	0.060087803524919714	0.13991171256393814	0.13991171256393814	1.0	0.9941860465116279	0.9949494949494949	0.005813953488372103	0.005813953488372103	69	142
g__Anaerostipes	0.6404631742537052	-1.8624855020452806	-1.6675855717333532	-1.7446747796379365	-0.19489993031192743	-0.30431090833447694	0.30431090833447694	1.0	0.9941860465116279	0.98989898989899	0.005813953488372103	0.005813953488372103	18	143
g__Pantoea	0.27084349825650017	-5.632222315185269	-5.638132067026195	-5.6433099178717	0.005909751840926347	0.021819803240502984	0.021819803240502984	0.016666666666666666	0.011627906976744186	0.010101010101010102	0.0050387596899224806	0.0050387596899224806	149	144
g__Dietzia	0.2766213435038046	-5.634630973970002	-5.642690648646948	-5.629263387502197	0.008059674676945683	0.02913612729537926	0.02913612729537926	0.016666666666666666	0.011627906976744186	0.015151515151515152	0.0050387596899224806	0.0050387596899224806	141	145
g__Papillibacter	0.3345863799949261	-5.612573104514028	-5.613676203343515	-5.574633956024724	0.0011030988294873367	0.003296902968686487	0.003296902968686487	0.03333333333333333	0.029069767441860465	0.06060606060606061	0.004263565891472868	0.004263565891472868	162	146
g__Pseudoramibacter	0.17208826119664314	-5.65563348714445	-5.647154526689683	-5.649348604880759	-0.008478960454766593	-0.04927099847372965	0.04927099847372965	0.008333333333333333	0.011627906976744186	0.010101010101010102	-0.0032945736434108527	0.0032945736434108527	132	147
g__Pasteurella	0.21338817482369993	-5.646305940035829	-5.652490725927432	-5.6361967192603215	0.006184785891603539	0.028983733033535592	0.028983733033535592	0.008333333333333333	0.011627906976744186	0.015151515151515152	-0.0032945736434108527	0.0032945736434108527	142	148
g__Coprobacillus	1.0237556182065672	-4.974011550402418	-5.003618596957228	-5.028495218800011	0.029607046554810168	0.028920033285557253	0.028920033285557253	0.31666666666666665	0.31976744186046513	0.32323232323232326	-0.0031007751937984773	0.0031007751937984773	143	149
g__Allisonella	0.5642454792365476	-5.541914046495952	-5.533406955909329	-5.4876203079891175	-0.008507090586623356	-0.015076931760505865	0.015076931760505865	0.06666666666666667	0.06395348837209303	0.07575757575757576	0.00271317829457364	0.00271317829457364	153	150
g__Flavobacterium	0.23205007120659019	-5.642036701070309	-5.654515451832129	-5.637922999267382	0.01247875076181959	0.053776112616272256	0.053776112616272256	0.008333333333333333	0.005813953488372093	0.015151515151515152	0.0025193798449612403	0.0025193798449612403	123	151
g__Mobiluncus	0.140607844054687	-5.656696558083577	-5.659311275568633	-5.645631318367453	0.0026147174850557064	0.018595815209560836	0.018595815209560836	0.008333333333333333	0.005813953488372093	0.015151515151515152	0.0025193798449612403	0.0025193798449612403	152	152
g__Ruminococcus2	0.6023803126096223	-1.832710975799551	-1.899263501678674	-1.860996147682718	0.06655252587912308	0.11048257136891691	0.11048257136891691	0.9916666666666667	0.9941860465116279	0.98989898989899	-0.0025193798449612004	0.0025193798449612004	82	153
g__Dorea	0.6333024236815727	-2.0357702280702306	-1.9623612765058154	-1.9859140825094492	-0.07340895156441518	-0.11591452806649218	0.11591452806649218	0.9916666666666667	0.9941860465116279	0.9848484848484849	-0.0025193798449612004	0.0025193798449612004	79	154
g__Acetobacterium	0.37298635690376347	-5.607909448060721	-5.610531932165623	-5.61355995647112	0.0026224841049016234	0.007031045657196161	0.007031045657196161	0.025	0.023255813953488372	0.025252525252525252	0.0017441860465116296	0.0017441860465116296	159	155
g__Finegoldia	0.3444854459158549	-5.622010877174771	-5.613778991612307	-5.5631928605503305	-0.00823188556246457	-0.023896178082586733	0.023896178082586733	0.03333333333333333	0.03488372093023256	0.06565656565656566	-0.0015503875968992248	0.0015503875968992248	146	156
g__Veillonella	1.2975269490924248	-4.154441531584674	-4.0312042372382955	-3.950205826382663	-0.12323729434637887	-0.09497860097054561	0.09497860097054561	0.6583333333333333	0.6569767441860465	0.6868686868686869	0.0013565891472868685	0.0013565891472868685	89	157
g__Varibaculum	0.2988677481262678	-5.601725917999421	-5.598341095483897	-5.639538487643991	-0.0033848225155246325	-0.011325486061127573	0.011325486061127573	0.041666666666666664	0.040697674418604654	0.015151515151515152	0.0009689922480620103	0.0009689922480620103	157	158
g__Erysipelotrichaceae_incertae_sedis	1.2875581877323614	-3.6347465160257317	-3.6004191134726753	-3.6564643269686674	-0.03432740255305644	-0.026660855315217735	0.026660855315217735	0.7666666666666667	0.7674418604651163	0.7878787878787878	-0.0007751937984495916	0.0007751937984495916	144	159
g__Lachnospiracea_incertae_sedis	0.3792608995856136	-1.5532927213165175	-1.493214209688405	-1.5097158987831365	-0.06007851162811262	-0.1584094529484989	0.1584094529484989	1.0	1.0	0.9949494949494949	0.0	0.0	62	160
g__Blautia	0.42880434030045284	-0.9722902866351663	-0.9382666476433812	-0.9519736037166661	-0.034023638991785066	-0.07934536989048555	0.07934536989048555	1.0	1.0	0.9949494949494949	0.0	0.0	103	161
g__Bacteroides	0.5863310709799611	-1.1397632840877931	-1.0247605193580078	-1.0567421735827696	-0.11500276472978532	-0.19613963922733296	0.19613963922733296	1.0	1.0	1.0	0.0	0.0	46	162
